Date,Close,Volume,Dividends
2000-02-23,5.608306884765625,688000,0.0
2000-02-24,5.594216346740723,390400,0.0
2000-02-25,5.488533020019531,384800,0.0
2000-02-28,5.537851333618164,508800,0.0
2000-02-29,5.5237603187561035,834400,0.0
2000-03-01,5.601261615753174,313600,0.0
2000-03-02,5.439212322235107,293600,0.0
2000-03-03,5.615354537963867,399200,0.0
2000-03-06,5.615354537963867,300800,0.0
2000-03-07,5.270117282867432,500000,0.0
2000-03-08,5.0446600914001465,759200,0.0
2000-03-09,5.02352237701416,771200,0.0
2000-03-10,4.840334415435791,585600,0.0
2000-03-13,4.98124885559082,895200,0.0
2000-03-14,4.7980637550354,211200,0.0
2000-03-15,5.136252403259277,1784800,0.0
2000-03-16,5.601261615753174,1311200,0.0
2000-03-17,5.263072967529297,654400,0.0
2000-03-20,5.1503448486328125,194400,0.0
2000-03-21,5.312393665313721,751200,0.0
2000-03-22,5.38284969329834,206400,0.0
2000-03-23,5.558989524841309,581600,0.0
2000-03-24,5.453303813934326,894400,0.0
2000-03-27,5.439212322235107,1320800,0.0
2000-03-28,5.495577812194824,460000,0.0
2000-03-29,5.403985023498535,304000,0.0
2000-03-30,5.495577812194824,782400,0.0
2000-03-31,5.749218940734863,446400,0.0
2000-04-03,5.8055853843688965,905600,0.0
2000-04-04,5.728084087371826,879200,0.0
2000-04-05,5.8619513511657715,556800,0.0
2000-04-06,5.8055853843688965,912000,0.0
2000-04-07,5.868995189666748,603200,0.0
2000-04-10,5.650582790374756,579200,0.0
2000-04-11,5.721038341522217,493600,0.0
2000-04-12,6.094455718994141,998400,0.0
2000-04-13,5.904223442077637,693600,0.0
2000-04-14,5.558989524841309,647200,0.0
2000-04-17,5.735129356384277,476000,0.0
2000-04-18,5.847857475280762,574400,0.0
2000-04-19,5.699901580810547,454400,0.0
2000-04-20,5.706945896148682,200800,0.0
2000-04-24,5.6787638664245605,427200,0.0
2000-04-25,5.685810565948486,336800,0.0
2000-04-26,5.622398376464844,287200,0.0
2000-04-27,5.530806541442871,402400,0.0
2000-04-28,5.6787638664245605,352000,0.0
2000-05-01,5.699901580810547,388800,0.0
2000-05-02,5.692854881286621,212800,0.0
2000-05-03,5.826723098754883,451200,0.0
2000-05-04,5.8619513511657715,352000,0.0
2000-05-05,5.721038341522217,789600,0.0
2000-05-08,5.798540115356445,543200,0.0
2000-05-09,5.939451217651367,288000,0.0
2000-05-10,5.763310432434082,255200,0.0
2000-05-11,6.031044006347656,397600,0.0
2000-05-12,6.016953468322754,360800,0.0
2000-05-15,6.016953468322754,213600,0.0
2000-05-16,6.059226036071777,256800,0.0
2000-05-17,5.826723098754883,378400,0.0
2000-05-18,5.777402877807617,170400,0.0
2000-05-19,5.854905605316162,288000,0.0
2000-05-22,5.967634201049805,252800,0.0
2000-05-23,5.981727123260498,360800,0.0
2000-05-24,6.073317527770996,327200,0.0
2000-05-25,5.9183149337768555,138400,0.0
2000-05-26,5.840813636779785,402400,0.0
2000-05-30,5.833766460418701,134400,0.0
2000-05-31,5.904223442077637,367200,0.0
2000-06-01,5.932406425476074,472000,0.0
2000-06-02,5.791493892669678,324000,0.0
2000-06-05,5.735129356384277,312000,0.0
2000-06-06,5.8619513511657715,165600,0.0
2000-06-07,5.974679470062256,342400,0.0
2000-06-08,6.031044006347656,200800,0.0
2000-06-09,6.17195463180542,384800,0.0
2000-06-12,6.1226372718811035,404800,0.0
2000-06-13,6.073317527770996,1294400,0.0
2000-06-14,6.059226036071777,493600,0.0
2000-06-15,6.17195463180542,244800,0.0
2000-06-16,6.157865524291992,770400,0.0
2000-06-19,6.136728763580322,200800,0.0
2000-06-20,5.953543186187744,269600,0.0
2000-06-21,6.087409496307373,506400,0.0
2000-06-22,6.066273212432861,478400,0.0
2000-06-23,5.854905605316162,687200,0.0
2000-06-26,5.777402877807617,869600,0.0
2000-06-27,5.629443645477295,1012000,0.0
2000-06-28,5.791493892669678,660000,0.0
2000-06-29,5.664673328399658,623200,0.0
2000-06-30,5.687570095062256,782400,0.0
2000-07-03,5.833766460418701,499200,0.0
2000-07-05,5.8055853843688965,510400,0.0
2000-07-06,5.876040935516357,979200,0.0
2000-07-07,6.0099077224731445,767200,0.0
2000-07-10,5.883087635040283,504800,0.0
2000-07-11,5.784448146820068,656000,0.0
2000-07-12,5.756265640258789,454400,0.0
2000-07-13,5.791493892669678,703200,0.0
2000-07-14,5.657628536224365,329600,0.0
2000-07-17,5.742175102233887,1071200,0.0
2000-07-18,5.833766460418701,664000,0.0
2000-07-19,5.784448146820068,502400,0.0
2000-07-20,5.735129356384277,482400,0.0
2000-07-21,5.50262451171875,989600,0.0
2000-07-24,5.460350036621094,623200,0.0
2000-07-25,5.544896602630615,906400,0.0
2000-07-26,5.516714572906494,511200,0.0
2000-07-27,5.488533020019531,238400,0.0
2000-07-28,5.38284969329834,350400,0.0
2000-07-31,5.566035270690918,738400,0.0
2000-08-01,5.537851333618164,451200,0.0
2000-08-02,5.509668827056885,445600,0.0
2000-08-03,5.622398376464844,548000,0.0
2000-08-04,5.566035270690918,616000,0.0
2000-08-07,5.481487274169922,335200,0.0
2000-08-08,5.467394828796387,360000,0.0
2000-08-09,5.509668827056885,673600,0.0
2000-08-10,5.326483726501465,830400,0.0
2000-08-11,5.129206657409668,1671200,0.0
2000-08-14,5.164434909820557,2308800,0.0
2000-08-15,5.467394828796387,3848000,0.0
2000-08-16,5.439212322235107,901600,0.0
2000-08-17,5.474441051483154,681600,0.0
2000-08-18,5.460350036621094,417600,0.0
2000-08-21,5.530806541442871,424000,0.0
2000-08-22,5.5237603187561035,571200,0.0
2000-08-23,5.594216346740723,1150400,0.0
2000-08-24,5.770358562469482,886400,0.0
2000-08-25,5.946497917175293,1563200,0.0
2000-08-28,5.819676876068115,470400,0.0
2000-08-29,6.066273212432861,1804800,0.0
2000-08-30,6.045135974884033,301600,0.0
2000-08-31,6.073317527770996,468800,0.0
2000-09-01,6.002861976623535,389600,0.0
2000-09-05,5.939451217651367,372000,0.0
2000-09-06,5.932406425476074,305600,0.0
2000-09-07,6.059226036071777,243200,0.0
2000-09-08,6.016953468322754,553600,0.0
2000-09-11,6.002861976623535,222400,0.0
2000-09-12,5.967634201049805,362400,0.0
2000-09-13,6.150820255279541,371200,0.0
2000-09-14,6.080364227294922,900800,0.0
2000-09-15,6.045135974884033,514400,0.0
2000-09-18,5.939451217651367,497600,0.0
2000-09-19,6.115592002868652,1211200,0.0
2000-09-20,6.1860480308532715,386400,0.0
2000-09-21,6.214229583740234,406400,0.0
2000-09-22,6.249459743499756,362400,0.0
2000-09-25,6.164911270141602,320800,0.0
2000-09-26,6.404463291168213,1152800,0.0
2000-09-27,6.46787166595459,1054400,0.0
2000-09-28,6.39213228225708,725600,0.0
2000-09-29,6.1226372718811035,1777600,0.0
2000-10-02,5.981727123260498,794400,0.0
2000-10-03,5.876040935516357,1152800,0.0
2000-10-04,5.791493892669678,1068800,0.0
2000-10-05,5.713992595672607,359200,0.0
2000-10-06,5.5237603187561035,396000,0.0
2000-10-09,5.5801239013671875,860000,0.0
2000-10-10,5.530806541442871,831200,0.0
2000-10-11,5.439212322235107,559200,0.0
2000-10-12,5.474441051483154,1261600,0.0
2000-10-13,5.495577812194824,754400,0.0
2000-10-16,5.481487274169922,320800,0.0
2000-10-17,5.481487274169922,570400,0.0
2000-10-18,5.467394828796387,1124800,0.0
2000-10-19,5.411029815673828,722400,0.0
2000-10-20,5.347621440887451,747200,0.0
2000-10-23,5.439212322235107,1236000,0.0
2000-10-24,5.241935729980469,1308000,0.0
2000-10-25,5.291255474090576,2188000,0.0
2000-10-26,5.234891414642334,845600,0.0
2000-10-27,5.263072967529297,474400,0.0
2000-10-30,5.425120830535889,844800,0.0
2000-10-31,5.495577812194824,1487200,0.0
2000-11-01,5.495577812194824,627200,0.0
2000-11-02,5.5237603187561035,365600,0.0
2000-11-03,5.551942825317383,741600,0.0
2000-11-06,5.6364898681640625,622400,0.0
2000-11-07,5.6364898681640625,823200,0.0
2000-11-08,5.6364898681640625,463200,0.0
2000-11-09,5.671717166900635,581600,0.0
2000-11-10,5.728084087371826,847200,0.0
2000-11-13,5.6364898681640625,540000,0.0
2000-11-14,5.791493892669678,640000,0.0
2000-11-15,5.868995189666748,716000,0.0
2000-11-16,5.847857475280762,839200,0.0
2000-11-17,5.876040935516357,347200,0.0
2000-11-20,5.763310432434082,359200,0.0
2000-11-21,5.770358562469482,806400,0.0
2000-11-22,5.608306884765625,856000,0.0
2000-11-24,5.58717155456543,103200,0.0
2000-11-27,5.5801239013671875,418400,0.0
2000-11-28,5.615354537963867,254400,0.0
2000-11-29,5.530806541442871,300800,0.0
2000-11-30,5.5237603187561035,422400,0.0
2000-12-01,5.495577812194824,712800,0.0
2000-12-04,5.411029815673828,566400,0.0
2000-12-05,5.488533020019531,675200,0.0
2000-12-06,5.50262451171875,480800,0.0
2000-12-07,5.721038341522217,484800,0.0
2000-12-08,5.756265640258789,703200,0.0
2000-12-11,5.883087635040283,633600,0.0
2000-12-12,5.756265640258789,553600,0.0
2000-12-13,5.854905605316162,434400,0.0
2000-12-14,6.059226036071777,983200,0.0
2000-12-15,6.073317527770996,1111200,0.0
2000-12-18,6.073317527770996,461600,0.0
2000-12-19,6.052181720733643,313600,0.0
2000-12-20,6.016953468322754,327200,0.0
2000-12-21,6.087409496307373,418400,0.0
2000-12-22,6.087409496307373,885600,0.0
2000-12-26,6.2283220291137695,530400,0.0
2000-12-27,6.397417068481445,331200,0.0
2000-12-28,6.594693183898926,913600,0.0
2000-12-29,6.622876167297363,574400,0.0
2001-01-02,6.42559814453125,563200,0.0
2001-01-03,6.34105110168457,1274400,0.0
2001-01-04,6.052181720733643,1168000,0.0
2001-01-05,6.03809118270874,1074400,0.0
2001-01-08,6.418553829193115,971200,0.0
2001-01-09,6.397417068481445,911200,0.0
2001-01-10,6.6087846755981445,1649600,0.0
2001-01-11,6.791970252990723,1758400,0.0
2001-01-12,6.784926414489746,1244800,0.0
2001-01-16,7.123115062713623,1202400,0.0
2001-01-17,7.165388584136963,2139200,0.0
2001-01-18,7.271070957183838,1156000,0.0
2001-01-19,7.144250869750977,1090400,0.0
2001-01-22,7.101977348327637,532800,0.0
2001-01-23,7.264028549194336,1232000,0.0
2001-01-24,7.327436923980713,1777600,0.0
2001-01-25,7.383802890777588,1020000,0.0
2001-01-26,7.5035786628723145,1193600,0.0
2001-01-29,7.564172744750977,1591200,0.0
2001-01-30,7.634060859680176,882400,0.0
2001-01-31,7.599115371704102,671200,0.0
2001-02-01,7.726500511169434,548000,0.0
2001-02-02,7.597989082336426,2000800,0.0
2001-02-05,7.327436923980713,1281600,0.0
2001-02-06,7.1222710609436035,1589600,0.0
2001-02-07,7.245145320892334,1256800,0.0
2001-02-08,7.177506923675537,748000,0.0
2001-02-09,7.231616497039795,711200,0.0
2001-02-12,7.411985397338867,548800,0.0
2001-02-13,7.457077503204346,651200,0.0
2001-02-14,7.445803165435791,887200,0.0
2001-02-15,7.24289083480835,770400,0.0
2001-02-16,7.293618679046631,799200,0.0
2001-02-20,7.282345771789551,614400,0.0
2001-02-21,7.148196697235107,784000,0.0
2001-02-22,7.090705394744873,639200,0.0
2001-02-23,7.034339427947998,1061600,0.0
2001-02-26,7.203433990478516,625600,0.0
2001-02-27,7.154961109161377,465600,0.0
2001-02-28,7.197798728942871,1149600,0.0
2001-03-01,7.169616222381592,575200,0.0
2001-03-02,7.161724090576172,926400,0.0
2001-03-05,7.303765296936035,1631200,0.0
2001-03-06,7.316165447235107,2023200,0.0
2001-03-07,7.338711261749268,891200,0.0
2001-03-08,7.721994400024414,989600,0.0
2001-03-09,7.8629045486450195,9512800,0.0
2001-03-12,7.794138431549072,2100000,0.0
2001-03-13,7.823451042175293,1394400,0.0
2001-03-14,7.749046802520752,1065600,0.0
2001-03-15,7.806540012359619,786400,0.0
2001-03-16,7.814429759979248,1527200,0.0
2001-03-19,7.67689847946167,2237600,0.0
2001-03-20,7.679154396057129,1468000,0.0
2001-03-21,7.626170635223389,996000,0.0
2001-03-22,7.4908976554870605,2417600,0.0
2001-03-23,7.496531963348389,1495200,0.0
2001-03-26,7.564172744750977,1086400,0.0
2001-03-27,7.648717403411865,1928800,0.0
2001-03-28,7.610391616821289,1500000,0.0
2001-03-29,7.772719860076904,2173600,0.0
2001-03-30,8.08836555480957,1890400,0.0
2001-04-02,8.074836730957031,1068800,0.0
2001-04-03,8.054544448852539,1297600,0.0
2001-04-04,8.167276382446289,2560800,0.0
2001-04-05,8.319459915161133,1613600,0.0
2001-04-06,8.28676700592041,1163200,0.0
2001-04-09,8.08836555480957,1868000,0.0
2001-04-10,8.000432014465332,1724000,0.0
2001-04-11,7.716355323791504,3576000,0.0
2001-04-12,7.626170635223389,1917600,0.0
2001-04-16,7.778357028961182,2072800,0.0
2001-04-17,7.767084121704102,624000,0.0
2001-04-18,7.7501749992370605,1654400,0.0
2001-04-19,7.688170909881592,736000,0.0
2001-04-20,7.357873439788818,1567200,0.0
2001-04-23,7.307146072387695,1255200,0.0
2001-04-24,7.065903186798096,2360800,0.0
2001-04-25,7.220343589782715,2084000,0.0
2001-04-26,7.327436923980713,1045600,0.0
2001-04-27,7.406347274780273,726400,0.0
2001-04-30,7.35561990737915,1105600,0.0
2001-05-01,7.538243293762207,959200,0.0
2001-05-02,7.366891860961914,738400,0.0
2001-05-03,7.586714744567871,1054400,0.0
2001-05-04,7.66675329208374,1075200,0.0
2001-05-07,7.697190284729004,1527200,0.0
2001-05-08,7.706208229064941,533600,0.0
2001-05-09,7.597989082336426,658400,0.0
2001-05-10,7.526968002319336,1001600,0.0
2001-05-11,7.578824520111084,1257600,0.0
2001-05-14,7.795267581939697,788800,0.0
2001-05-15,7.929416179656982,506400,0.0
2001-05-16,8.319459915161133,994000,0.0
2001-05-17,8.547174453735352,1516800,0.0
2001-05-18,8.3577880859375,380800,0.0
2001-05-21,8.792923927307129,745600,0.0
2001-05-22,8.680194854736328,677600,0.0
2001-05-23,8.612557411193848,433200,0.0
2001-05-24,8.56746768951416,743600,0.0
2001-05-25,8.619319915771484,349600,0.0
2001-05-29,8.580991744995117,695600,0.0
2001-05-30,8.905654907226562,604800,0.0
2001-05-31,8.714011192321777,671200,0.0
2001-06-01,8.980057716369629,769200,0.0
2001-06-04,9.045437812805176,831200,0.0
2001-06-05,9.018385887145996,531600,0.0
2001-06-06,8.822235107421875,394000,0.0
2001-06-07,9.007110595703125,1452800,0.0
2001-06-08,8.901144981384277,264000,0.0
2001-06-11,8.495319366455078,444400,0.0
2001-06-12,8.387096405029297,1244000,0.0
2001-06-13,8.590011596679688,736400,0.0
2001-06-14,8.792923927307129,490000,0.0
2001-06-15,8.955255508422852,1477200,0.0
2001-06-18,9.117584228515625,875600,0.0
2001-06-19,9.187481880187988,463200,0.0
2001-06-20,9.694765090942383,1209200,0.0
2001-06-21,8.815469741821289,2098800,0.0
2001-06-22,8.815469741821289,1185600,0.0
2001-06-25,8.817724227905273,799200,0.0
2001-06-26,8.759106636047363,676800,0.0
2001-06-27,8.454737663269043,784000,0.0
2001-06-28,8.88310718536377,1484800,0.0
2001-06-29,9.243841171264648,3427600,0.0
2001-07-02,9.622615814208984,1872400,0.0
2001-07-03,9.636143684387207,757200,0.0
2001-07-05,9.516650199890137,1065600,0.0
2001-07-06,9.381375312805176,1459200,0.0
2001-07-09,9.45803165435791,889200,0.0
2001-07-10,9.243841171264648,887200,0.0
2001-07-11,9.67221450805664,1517600,0.0
2001-07-12,9.401664733886719,465600,0.0
2001-07-13,9.435483932495117,1769200,0.0
2001-07-16,9.706036567687988,1915600,0.0
2001-07-17,9.863856315612793,1450000,0.0
2001-07-18,9.830039978027344,752000,0.0
2001-07-19,9.832294464111328,374000,0.0
2001-07-20,9.739853858947754,455600,0.0
2001-07-23,9.80749225616455,925200,0.0
2001-07-24,9.638399124145508,867600,0.0
2001-07-25,9.609088897705078,824400,0.0
2001-07-26,9.297953605651855,1803200,0.0
2001-07-27,9.584287643432617,858800,0.0
2001-07-30,9.593307495117188,625200,0.0
2001-07-31,9.496362686157227,1196800,0.0
2001-08-01,9.649670600891113,618000,0.0
2001-08-02,9.895421028137207,1097200,0.0
2001-08-03,9.818763732910156,412000,0.0
2001-08-06,9.796220779418945,978000,0.0
2001-08-07,9.638399124145508,359200,0.0
2001-08-08,9.789458274841309,1088000,0.0
2001-08-09,9.802982330322266,1197200,0.0
2001-08-10,9.886404991149902,846000,0.0
2001-08-13,9.78494930267334,675600,0.0
2001-08-14,9.728582382202148,494400,0.0
2001-08-15,9.922477722167969,410800,0.0
2001-08-16,10.02167797088623,563600,0.0
2001-08-17,10.179500579833984,443200,0.0
2001-08-20,10.373397827148438,710000,0.0
2001-08-21,10.294486045837402,1883200,0.0
2001-08-22,10.145682334899902,1351600,0.0
2001-08-23,10.091572761535645,428400,0.0
2001-08-24,10.014913558959961,531200,0.0
2001-08-27,9.469304084777832,3638000,0.0
2001-08-28,9.706036567687988,756000,0.0
2001-08-29,9.58203411102295,804400,0.0
2001-08-30,9.514394760131836,809600,0.0
2001-08-31,9.548215866088867,665200,0.0
2001-09-04,9.746621131896973,349600,0.0
2001-09-05,9.356572151184082,1577200,0.0
2001-09-06,8.736560821533203,1791600,0.0
2001-09-07,8.702742576599121,1323200,0.0
2001-09-10,8.56746768951416,1066400,0.0
2001-09-17,8.849289894104004,1633200,0.0
2001-09-18,8.80419635772705,558400,0.0
2001-09-19,8.67568588256836,1440000,0.0
2001-09-20,8.308185577392578,1260800,0.0
2001-09-21,8.161636352539062,980800,0.0
2001-09-24,8.56746768951416,1060400,0.0
2001-09-25,8.815469741821289,2812000,0.0
2001-09-26,9.243841171264648,5841600,0.0
2001-09-27,9.430975914001465,2442400,0.0
2001-09-28,9.392647743225098,1534000,0.0
2001-10-01,9.255120277404785,975200,0.0
2001-10-02,9.471555709838867,2557200,0.0
2001-10-03,10.145682334899902,2350800,0.0
2001-10-04,9.694765090942383,2041600,0.0
2001-10-05,9.516650199890137,974800,0.0
2001-10-08,9.622615814208984,1672800,0.0
2001-10-09,9.67221450805664,847200,0.0
2001-10-10,9.983352661132812,1685200,0.0
2001-10-11,9.78494930267334,1812400,0.0
2001-10-12,9.730836868286133,788400,0.0
2001-10-15,9.987862586975098,991200,0.0
2001-10-16,9.920221328735352,949200,0.0
2001-10-17,9.78494930267334,1003200,0.0
2001-10-18,9.744364738464355,918000,0.0
2001-10-19,9.89767837524414,814400,0.0
2001-10-22,9.818763732910156,962800,0.0
2001-10-23,9.627127647399902,848000,0.0
2001-10-24,9.667709350585938,640000,0.0
2001-10-25,9.683487892150879,1088000,0.0
2001-10-26,9.96080207824707,918400,0.0
2001-10-29,9.67221450805664,764400,0.0
2001-10-30,9.487339973449707,427200,0.0
2001-10-31,9.252861022949219,1395600,0.0
2001-11-01,9.433232307434082,1086800,0.0
2001-11-02,9.543704986572266,896000,0.0
2001-11-05,9.848073959350586,924800,0.0
2001-11-06,9.79171085357666,536000,0.0
2001-11-07,9.735344886779785,600400,0.0
2001-11-08,9.570758819580078,722000,0.0
2001-11-09,9.261880874633789,1160800,0.0
2001-11-12,9.221298217773438,654400,0.0
2001-11-13,8.898893356323242,1408800,0.0
2001-11-14,8.623831748962402,5990800,0.0
2001-11-15,8.937220573425293,1371600,0.0
2001-11-16,8.962018966674805,967200,0.0
2001-11-19,9.009366035461426,1531600,0.0
2001-11-20,8.99583625793457,694000,0.0
2001-11-21,8.977801322937012,510400,0.0
2001-11-23,9.063477516174316,289600,0.0
2001-11-26,8.623831748962402,4598400,0.0
2001-11-27,8.342004776000977,2986800,0.0
2001-11-28,8.454737663269043,1041200,0.0
2001-11-29,8.364553451538086,744400,0.0
2001-11-30,8.54491901397705,964400,0.0
2001-12-03,8.666665077209473,678000,0.0
2001-12-04,8.714011192321777,724400,0.0
2001-12-05,8.738812446594238,1120800,0.0
2001-12-06,9.164932250976562,1358000,0.0
2001-12-07,8.80419635772705,991200,0.0
2001-12-10,8.94398307800293,695200,0.0
2001-12-11,8.833503723144531,558000,0.0
2001-12-12,8.962018966674805,1433600,0.0
2001-12-13,9.097294807434082,1104000,0.0
2001-12-14,8.99583625793457,596400,0.0
2001-12-17,8.792923927307129,672000,0.0
2001-12-18,9.029658317565918,676800,0.0
2001-12-19,9.401664733886719,1083600,0.0
2001-12-20,9.401664733886719,719600,0.0
2001-12-21,9.694765090942383,2031600,0.0
2001-12-24,9.694765090942383,692400,0.0
2001-12-26,9.449013710021973,1110000,0.0
2001-12-27,9.543704986572266,701600,0.0
2001-12-28,9.480575561523438,612400,0.0
2001-12-31,9.660943031311035,661200,0.0
2002-01-02,9.638399124145508,1532800,0.0
2002-01-03,9.724072456359863,2198000,0.0
2002-01-04,9.926986694335938,1706800,0.0
2002-01-07,10.359868049621582,3256800,0.0
2002-01-08,10.66874885559082,3190800,0.0
2002-01-09,10.76569938659668,2134000,0.0
2002-01-10,10.806280136108398,946000,0.0
2002-01-11,10.86264419555664,969200,0.0
2002-01-14,10.43652629852295,1796000,0.0
2002-01-15,10.483871459960938,1473600,0.0
2002-01-16,10.592093467712402,462800,0.0
2002-01-17,10.560524940490723,593200,0.0
2002-01-18,10.804025650024414,951600,0.0
2002-01-22,10.95733642578125,695200,0.0
2002-01-23,10.900970458984375,1147200,0.0
2002-01-24,10.359868049621582,1168400,0.0
2002-01-25,10.598857879638672,1839200,0.0
2002-01-28,10.675511360168457,931200,0.0
2002-01-29,10.646202087402344,799600,0.0
2002-01-30,10.619148254394531,424400,0.0
2002-01-31,10.792752265930176,1206800,0.0
2002-02-01,10.709331512451172,1081600,0.0
2002-02-04,10.69805908203125,665600,0.0
2002-02-05,10.537983894348145,2426000,0.0
2002-02-06,10.822059631347656,3545200,0.0
2002-02-07,11.2549409866333,2723200,0.0
2002-02-08,11.295527458190918,1472800,0.0
2002-02-11,11.478151321411133,1179600,0.0
2002-02-12,11.498437881469727,1207600,0.0
2002-02-13,11.074576377868652,1321200,0.0
2002-02-14,10.95733642578125,1386400,0.0
2002-02-15,11.230144500732422,1046800,0.0
2002-02-19,11.21661376953125,766400,0.0
2002-02-20,10.912246704101562,594800,0.0
2002-02-21,11.277490615844727,655600,0.0
2002-02-22,11.482658386230469,929200,0.0
2002-02-25,11.687826156616211,1331600,0.0
2002-02-26,11.683318138122559,993600,0.0
2002-02-27,12.129728317260742,1578400,0.0
2002-02-28,12.253730773925781,1049600,0.0
2002-03-01,11.665283203125,1369600,0.0
2002-03-04,11.971906661987305,1245600,0.0
2002-03-05,11.95161247253418,769600,0.0
2002-03-06,12.152275085449219,861600,0.0
2002-03-07,11.784772872924805,648000,0.0
2002-03-08,11.76899242401123,687200,0.0
2002-03-11,11.814082145690918,622800,0.0
2002-03-12,11.904268264770508,514800,0.0
2002-03-13,11.933577537536621,454800,0.0
2002-03-14,11.94710636138916,631200,0.0
2002-03-15,12.016998291015625,803600,0.0
2002-03-18,12.10943603515625,753200,0.0
2002-03-19,11.985431671142578,583600,0.0
2002-03-20,11.944849967956543,413200,0.0
2002-03-21,11.83437442779541,430400,0.0
2002-03-22,11.735173225402832,692800,0.0
2002-03-25,11.660771369934082,950000,0.0
2002-03-26,11.816340446472168,577200,0.0
2002-03-27,12.136489868164062,1084800,0.0
2002-03-28,12.391260147094727,999200,0.0
2002-04-01,12.34390926361084,450800,0.0
2002-04-02,12.40704345703125,797600,0.0
2002-04-03,12.098164558410645,500000,0.0
2002-04-04,12.366459846496582,350400,0.0
2002-04-05,12.1455078125,552000,0.0
2002-04-08,12.400280952453613,997600,0.0
2002-04-09,12.321369171142578,657200,0.0
2002-04-10,12.470171928405762,707200,0.0
2002-04-11,12.314602851867676,1405200,0.0
2002-04-12,12.625738143920898,1327600,0.0
2002-04-15,12.727195739746094,994400,0.0
2002-04-16,12.783561706542969,741600,0.0
2002-04-17,12.738469123840332,362800,0.0
2002-04-18,12.727195739746094,519200,0.0
2002-04-19,13.072147369384766,1130800,0.0
2002-04-22,13.024800300598145,630000,0.0
2002-04-23,12.952655792236328,761600,0.0
2002-04-24,13.01803970336914,1046000,0.0
2002-04-25,12.952655792236328,1100800,0.0
2002-04-26,12.93236255645752,448800,0.0
2002-04-29,13.020292282104492,632000,0.0
2002-04-30,13.61776351928711,1925600,0.0
2002-05-01,13.922130584716797,1875200,0.0
2002-05-02,13.807147979736328,1367200,0.0
2002-05-03,13.798127174377441,16244000,0.0
2002-05-06,13.791364669799805,1928000,0.0
2002-05-07,13.955950736999512,2442000,0.0
2002-05-08,13.802639961242676,1651600,0.0
2002-05-09,13.748525619506836,1044400,0.0
2002-05-10,13.622269630432129,731200,0.0
2002-05-13,13.595213890075684,1130800,0.0
2002-05-14,12.954910278320312,2556800,0.0
2002-05-15,12.84217643737793,2015200,0.0
2002-05-16,12.93236255645752,699800,0.0
2002-05-17,12.558100700378418,1677800,0.0
2002-05-20,12.5941743850708,1576600,0.0
2002-05-21,12.35518741607666,1188200,0.0
2002-05-22,12.55359172821045,534000,0.0
2002-05-23,12.485955238342285,745400,0.0
2002-05-24,12.36871337890625,669800,0.0
2002-05-28,12.346170425415039,1016400,0.0
2002-05-29,12.80610466003418,1333400,0.0
2002-05-30,13.076656341552734,1526000,0.0
2002-05-31,13.288588523864746,994600,0.0
2002-06-03,13.0,726000,0.0
2002-06-04,13.166841506958008,955600,0.0
2002-06-05,13.257024765014648,701800,0.0
2002-06-06,13.252516746520996,834400,0.0
2002-06-07,13.40131664276123,597800,0.0
2002-06-10,13.383279800415039,778000,0.0
2002-06-11,12.706903457641602,1147800,0.0
2002-06-12,12.959418296813965,1049400,0.0
2002-06-13,12.810616493225098,678600,0.0
2002-06-14,12.652791023254395,677600,0.0
2002-06-17,12.950397491455078,746400,0.0
2002-06-18,12.80610466003418,544400,0.0
2002-06-19,12.377734184265137,1151000,0.0
2002-06-20,12.42733383178711,810200,0.0
2002-06-21,12.062088012695312,1720200,0.0
2002-06-24,11.859175682067871,1808000,0.0
2002-06-25,12.093652725219727,952200,0.0
2002-06-26,12.400280952453613,1004000,0.0
2002-06-27,14.244542121887207,5365600,0.0
2002-06-28,14.429415702819824,3015400,0.0
2002-07-01,13.978496551513672,1551600,0.0
2002-07-02,13.261533737182617,1185800,0.0
2002-07-03,13.40131664276123,1390000,0.0
2002-07-05,13.572667121887207,495400,0.0
2002-07-08,13.392300605773926,809200,0.0
2002-07-09,13.721471786499023,978400,0.0
2002-07-10,13.1848783493042,628400,0.0
2002-07-11,12.986473083496094,951200,0.0
2002-07-12,13.189386367797852,878200,0.0
2002-07-15,12.400280952453613,1117000,0.0
2002-07-16,12.467915534973145,944400,0.0
2002-07-17,12.558100700378418,1054800,0.0
2002-07-18,12.562609672546387,850200,0.0
2002-07-19,11.872703552246094,1325200,0.0
2002-07-22,11.89975643157959,1046400,0.0
2002-07-23,11.18730354309082,1490800,0.0
2002-07-24,11.755463600158691,1526600,0.0
2002-07-25,12.260494232177734,1151600,0.0
2002-07-26,12.35518741607666,676400,0.0
2002-07-29,12.990983963012695,1136200,0.0
2002-07-30,12.864725112915039,1004400,0.0
2002-07-31,12.959418296813965,834200,0.0
2002-08-01,12.657304763793945,710200,0.0
2002-08-02,12.625738143920898,552800,0.0
2002-08-05,12.69337272644043,689400,0.0
2002-08-06,13.198408126831055,898000,0.0
2002-08-07,13.342698097229004,810600,0.0
2002-08-08,13.572667121887207,1834600,0.0
2002-08-09,13.586197853088379,929600,0.0
2002-08-12,13.496012687683105,728200,0.0
2002-08-13,13.590705871582031,595800,0.0
2002-08-14,13.211934089660645,1165200,0.0
2002-08-15,13.171350479125977,1328000,0.0
2002-08-16,13.450918197631836,786600,0.0
2002-08-19,13.414846420288086,622000,0.0
2002-08-20,13.216443061828613,604600,0.0
2002-08-21,13.333680152893066,903600,0.0
2002-08-22,12.84217643737793,1283800,0.0
2002-08-23,12.824142456054688,601000,0.0
2002-08-26,12.977457046508789,522000,0.0
2002-08-27,12.571625709533691,612400,0.0
2002-08-28,12.242454528808594,865600,0.0
2002-08-29,12.711416244506836,1170200,0.0
2002-08-30,12.810616493225098,548000,0.0
2002-09-03,12.395771026611328,816400,0.0
2002-09-04,12.625738143920898,721800,0.0
2002-09-05,12.35518741607666,523400,0.0
2002-09-06,12.571625709533691,650200,0.0
2002-09-09,12.738469123840332,601600,0.0
2002-09-10,13.03156566619873,947800,0.0
2002-09-11,13.081168174743652,320600,0.0
2002-09-12,12.873741149902344,524000,0.0
2002-09-13,13.189386367797852,557400,0.0
2002-09-16,13.234477996826172,423400,0.0
2002-09-17,13.076656341552734,592600,0.0
2002-09-18,12.963926315307617,765000,0.0
2002-09-19,12.815123558044434,1187000,0.0
2002-09-20,12.810616493225098,1340000,0.0
2002-09-23,11.119667053222656,5828800,0.0
2002-09-24,10.799515724182129,3631400,0.0
2002-09-25,11.50745964050293,2544600,0.0
2002-09-26,10.244884490966797,4399400,0.0
2002-09-27,10.483871459960938,1958600,0.0
2002-09-30,10.416234016418457,1042600,0.0
2002-10-01,10.592093467712402,2114400,0.0
2002-10-02,10.912246704101562,1927200,0.0
2002-10-03,10.826568603515625,1016400,0.0
2002-10-04,10.528964042663574,663200,0.0
2002-10-07,10.772459983825684,792000,0.0
2002-10-08,10.587583541870117,1364800,0.0
2002-10-09,10.082555770874023,801600,0.0
2002-10-10,10.483871459960938,1507600,0.0
2002-10-11,10.371143341064453,1088800,0.0
2002-10-14,11.029484748840332,735800,0.0
2002-10-15,11.218871116638184,1273200,0.0
2002-10-16,10.853625297546387,966000,0.0
2002-10-17,10.970867156982422,471400,0.0
2002-10-18,10.943807601928711,395000,0.0
2002-10-21,10.903225898742676,954400,0.0
2002-10-22,11.227890014648438,1333800,0.0
2002-10-23,11.313563346862793,646800,0.0
2002-10-24,11.191814422607422,785600,0.0
2002-10-25,11.498437881469727,942800,0.0
2002-10-28,11.430802345275879,769600,0.0
2002-10-29,11.30905532836914,824000,0.0
2002-10-30,11.408256530761719,480200,0.0
2002-10-31,11.421783447265625,706200,0.0
2002-11-01,11.272979736328125,1041200,0.0
2002-11-04,10.362120628356934,3127200,0.0
2002-11-05,10.18626594543457,2501200,0.0
2002-11-06,10.35761547088623,2002400,0.0
2002-11-07,10.429762840270996,991600,0.0
2002-11-08,10.483871459960938,966200,0.0
2002-11-11,10.447796821594238,1060000,0.0
2002-11-12,10.48837947845459,1097800,0.0
2002-11-13,10.66874885559082,1006200,0.0
2002-11-14,10.84460735321045,525800,0.0
2002-11-15,11.182794570922852,759600,0.0
2002-11-18,10.889698028564453,395400,0.0
2002-11-19,10.709331512451172,1365200,0.0
2002-11-20,10.776970863342285,790600,0.0
2002-11-21,10.84460735321045,1055800,0.0
2002-11-22,10.970867156982422,1304800,0.0
2002-11-25,10.700311660766602,643600,0.0
2002-11-26,10.51994800567627,1174800,0.0
2002-11-27,10.84460735321045,532000,0.0
2002-11-29,10.605619430541992,438200,0.0
2002-12-02,10.262920379638672,931200,0.0
2002-12-03,10.700311660766602,1158000,0.0
2002-12-04,11.142212867736816,947000,0.0
2002-12-05,11.092613220214844,1692800,0.0
2002-12-06,11.151229858398438,1191800,0.0
2002-12-09,10.822059631347656,559400,0.0
2002-12-10,10.686786651611328,792400,0.0
2002-12-11,10.583076477050781,1145200,0.0
2002-12-12,10.664239883422852,645800,0.0
2002-12-13,10.943807601928711,889200,0.0
2002-12-16,11.119667053222656,724400,0.0
2002-12-17,10.966357231140137,832200,0.0
2002-12-18,10.95733642578125,515600,0.0
2002-12-19,10.95733642578125,798600,0.0
2002-12-20,10.934789657592773,790600,0.0
2002-12-23,10.930283546447754,504000,0.0
2002-12-24,10.813042640686035,344200,0.0
2002-12-26,10.799515724182129,353800,0.0
2002-12-27,10.592093467712402,398600,0.0
2002-12-30,10.731874465942383,542800,0.0
2002-12-31,10.691293716430664,529400,0.0
2003-01-02,11.10614013671875,706400,0.0
2003-01-03,10.50641918182373,1624000,0.0
2003-01-06,10.312522888183594,2022200,0.0
2003-01-07,11.115159034729004,3122200,0.0
2003-01-08,10.87617015838623,1278000,0.0
2003-01-09,11.137704849243164,1182400,0.0
2003-01-10,11.250432968139648,1204400,0.0
2003-01-13,11.340616226196289,1175400,0.0
2003-01-14,11.435310363769531,1506600,0.0
2003-01-15,11.250432968139648,1500200,0.0
2003-01-16,11.169271469116211,779600,0.0
2003-01-17,11.453348159790039,2298400,0.0
2003-01-21,11.750954627990723,1325600,0.0
2003-01-22,11.701353073120117,1165200,0.0
2003-01-23,11.723902702331543,766000,0.0
2003-01-24,11.584114074707031,1090600,0.0
2003-01-27,11.466876983642578,741200,0.0
2003-01-28,11.340616226196289,1024000,0.0
2003-01-29,11.2549409866333,679200,0.0
2003-01-30,11.137704849243164,906000,0.0
2003-01-31,11.304545402526855,885800,0.0
2003-02-03,11.272979736328125,899400,0.0
2003-02-04,11.430802345275879,774800,0.0
2003-02-05,11.304545402526855,1095200,0.0
2003-02-06,11.146724700927734,911000,0.0
2003-02-07,11.047520637512207,711800,0.0
2003-02-10,11.115159034729004,663000,0.0
2003-02-11,11.070066452026367,524000,0.0
2003-02-12,11.05202865600586,499200,0.0
2003-02-13,10.997919082641602,647200,0.0
2003-02-14,11.160247802734375,567200,0.0
2003-02-18,11.205343246459961,494800,0.0
2003-02-19,11.115159034729004,390400,0.0
2003-02-20,11.137704849243164,278800,0.0
2003-02-21,11.124178886413574,718000,0.0
2003-02-24,10.939301490783691,539400,0.0
2003-02-25,10.948321342468262,491000,0.0
2003-02-26,10.894206047058105,339200,0.0
2003-02-27,11.079086303710938,524800,0.0
2003-02-28,11.10614013671875,591600,0.0
2003-03-03,11.10614013671875,339000,0.0
2003-03-04,10.867152214050293,463600,0.0
2003-03-05,10.776970863342285,635800,0.0
2003-03-06,10.515432357788086,1361200,0.0
2003-03-07,10.39368724822998,1116600,0.0
2003-03-10,10.244884490966797,611800,0.0
2003-03-11,10.28095817565918,690400,0.0
2003-03-12,10.596602439880371,635200,0.0
2003-03-13,10.574055671691895,967000,0.0
2003-03-14,10.51092529296875,549200,0.0
2003-03-17,10.546998977661133,856200,0.0
2003-03-18,10.461325645446777,1068200,0.0
2003-03-19,10.528964042663574,714200,0.0
2003-03-20,10.483871459960938,466400,0.0
2003-03-21,10.40721607208252,1309800,0.0
2003-03-24,10.384671211242676,1050800,0.0
2003-03-25,10.416234016418457,1191000,0.0
2003-03-26,10.483871459960938,930600,0.0
2003-03-27,9.920221328735352,3562000,0.0
2003-03-28,10.078044891357422,1390400,0.0
2003-03-31,10.235868453979492,894000,0.0
2003-04-01,10.416234016418457,706200,0.0
2003-04-02,10.637184143066406,753400,0.0
2003-04-03,10.596602439880371,1074800,0.0
2003-04-04,10.840097427368164,850600,0.0
2003-04-07,10.461325645446777,1167400,0.0
2003-04-08,10.551508903503418,1349800,0.0
2003-04-09,10.447796821594238,1380400,0.0
2003-04-10,11.223376274108887,2708200,0.0
2003-04-11,11.272979736328125,1287800,0.0
2003-04-14,11.480403900146484,1225000,0.0
2003-04-15,11.611170768737793,1572400,0.0
2003-04-16,11.349637031555176,1493200,0.0
2003-04-17,11.36316967010498,1429400,0.0
2003-04-21,11.390218734741211,628000,0.0
2003-04-22,11.642731666564941,1193600,0.0
2003-04-23,11.633716583251953,888000,0.0
2003-04-24,11.408256530761719,725600,0.0
2003-04-25,11.444328308105469,669800,0.0
2003-04-28,11.7780122756958,1226200,0.0
2003-04-29,12.071107864379883,891000,0.0
2003-04-30,12.089143753051758,1493000,0.0
2003-05-01,12.134237289428711,1212000,0.0
2003-05-02,11.994451522827148,1232800,0.0
2003-05-05,11.787028312683105,1070200,0.0
2003-05-06,11.935831069946289,874200,0.0
2003-05-07,12.192855834960938,1639000,0.0
2003-05-08,12.346170425415039,1405800,0.0
2003-05-09,12.31009292602539,1511600,0.0
2003-05-12,12.25598430633545,680600,0.0
2003-05-13,12.143253326416016,603400,0.0
2003-05-14,11.904268264770508,1027200,0.0
2003-05-15,11.814082145690918,1086400,0.0
2003-05-16,11.723902702331543,1061600,0.0
2003-05-19,11.76899242401123,845200,0.0
2003-05-20,11.958377838134766,779800,0.0
2003-05-21,12.080124855041504,1103800,0.0
2003-05-22,12.039545059204102,1165800,0.0
2003-05-23,12.107182502746582,586600,0.0
2003-05-27,12.057581901550293,934000,0.0
2003-05-28,12.107182502746582,530600,0.0
2003-05-29,12.2920560836792,824200,0.0
2003-05-30,12.431843757629395,899600,0.0
2003-06-02,12.751997947692871,1261200,0.0
2003-06-03,12.783561706542969,764400,0.0
2003-06-04,12.80610466003418,645400,0.0
2003-06-05,12.639265060424805,1175200,0.0
2003-06-06,12.84217643737793,910600,0.0
2003-06-09,12.670830726623535,642600,0.0
2003-06-10,13.03156566619873,904800,0.0
2003-06-11,13.302117347717285,1145000,0.0
2003-06-12,13.369757652282715,1268000,0.0
2003-06-13,13.523065567016602,1158800,0.0
2003-06-16,13.955950736999512,1289800,0.0
2003-06-17,13.635797500610352,1031200,0.0
2003-06-18,13.798127174377441,512800,0.0
2003-06-19,13.667362213134766,899000,0.0
2003-06-20,13.590705871582031,1211400,0.0
2003-06-23,13.144292831420898,1194800,0.0
2003-06-24,13.03156566619873,1944600,0.0
2003-06-25,13.302117347717285,2752600,0.0
2003-06-26,13.753035545349121,1477600,0.0
2003-06-27,13.780091285705566,818600,0.0
2003-06-30,14.158863067626953,1800800,0.0
2003-07-01,13.865766525268555,2417200,0.0
2003-07-02,13.270551681518555,5315000,0.0
2003-07-03,13.01803970336914,1116200,0.0
2003-07-07,13.20291805267334,1719400,0.0
2003-07-08,13.667362213134766,1845800,0.0
2003-07-09,13.689906120300293,1021200,0.0
2003-07-10,13.640305519104004,1083200,0.0
2003-07-11,13.577178955078125,663200,0.0
2003-07-14,13.135273933410645,1287800,0.0
2003-07-15,13.1488037109375,1305200,0.0
2003-07-16,13.072147369384766,1726400,0.0
2003-07-17,12.783561706542969,2044200,0.0
2003-07-18,12.761015892028809,2861800,0.0
2003-07-21,12.8511962890625,1424000,0.0
2003-07-22,12.873741149902344,2067400,0.0
2003-07-23,12.788068771362305,2056000,0.0
2003-07-24,12.625738143920898,4311800,0.0
2003-07-25,12.80610466003418,13228800,0.0
2003-07-28,12.94138240814209,2407600,0.0
2003-07-29,12.846691131591797,1859000,0.0
2003-07-30,12.828651428222656,2062000,0.0
2003-07-31,13.009016990661621,2845800,0.0
2003-08-01,12.765522956848145,1287400,0.0
2003-08-04,12.801593780517578,1108400,0.0
2003-08-05,12.373224258422852,1830000,0.0
2003-08-06,12.400280952453613,2009000,0.0
2003-08-07,12.161290168762207,1774600,0.0
2003-08-08,12.508502006530762,1133000,0.0
2003-08-11,12.571625709533691,1509200,0.0
2003-08-12,12.51751708984375,1123200,0.0
2003-08-13,12.404787063598633,1563000,0.0
2003-08-14,12.873741149902344,1959600,0.0
2003-08-15,12.900797843933105,497600,0.0
2003-08-18,12.86021614074707,1171800,0.0
2003-08-19,12.706903457641602,1131800,0.0
2003-08-20,12.576135635375977,710400,0.0
2003-08-21,12.783561706542969,1469800,0.0
2003-08-22,12.688864707946777,1091200,0.0
2003-08-25,12.819634437561035,1661400,0.0
2003-08-26,12.846691131591797,1322000,0.0
2003-08-27,12.66632080078125,1008000,0.0
2003-08-28,12.797089576721191,816000,0.0
2003-08-29,12.963926315307617,606600,0.0
2003-09-02,13.12625789642334,1718800,0.0
2003-09-03,13.248007774353027,1180800,0.0
2003-09-04,13.40131664276123,1122200,0.0
2003-09-05,13.437393188476562,1694800,0.0
2003-09-08,13.468955993652344,698200,0.0
2003-09-09,13.266042709350586,1023000,0.0
2003-09-10,13.297606468200684,1182600,0.0
2003-09-11,13.505030632019043,1692000,0.0
2003-09-12,13.541105270385742,1386200,0.0
2003-09-15,13.5185546875,1636800,0.0
2003-09-16,13.568161010742188,652600,0.0
2003-09-17,13.586197853088379,817200,0.0
2003-09-18,13.874784469604492,1026400,0.0
2003-09-19,13.88380241394043,1103600,0.0
2003-09-22,13.88380241394043,912600,0.0
2003-09-23,14.231009483337402,1478000,0.0
2003-09-24,14.208464622497559,1773800,0.0
2003-09-25,13.983006477355957,2210800,0.0
2003-09-26,13.852237701416016,1097600,0.0
2003-09-29,13.640305519104004,2447400,0.0
2003-09-30,13.748525619506836,1502000,0.0
2003-10-01,13.635797500610352,3714200,0.0
2003-10-02,13.4869966506958,1694600,0.0
2003-10-03,13.541105270385742,991600,0.0
2003-10-06,13.644815444946289,770600,0.0
2003-10-07,13.707945823669434,658600,0.0
2003-10-08,13.725980758666992,694400,0.0
2003-10-09,13.707945823669434,688400,0.0
2003-10-10,13.577178955078125,571200,0.0
2003-10-13,13.640305519104004,510200,0.0
2003-10-14,13.5185546875,1005800,0.0
2003-10-15,13.44641399383545,1342800,0.0
2003-10-16,13.662851333618164,890000,0.0
2003-10-17,13.505030632019043,1005200,0.0
2003-10-20,13.676379203796387,973800,0.0
2003-10-21,13.671871185302734,597800,0.0
2003-10-22,13.523065567016602,688000,0.0
2003-10-23,13.55012035369873,1037000,0.0
2003-10-24,13.816165924072266,1998200,0.0
2003-10-27,13.852237701416016,814800,0.0
2003-10-28,13.937915802001953,1004800,0.0
2003-10-29,13.843220710754395,659400,0.0
2003-10-30,14.046133041381836,881800,0.0
2003-10-31,14.145336151123047,609400,0.0
2003-11-03,14.244542121887207,868400,0.0
2003-11-04,14.343740463256836,1068200,0.0
2003-11-05,14.519598960876465,957800,0.0
2003-11-06,14.194937705993652,1391600,0.0
2003-11-07,14.21297550201416,675800,0.0
2003-11-10,14.240030288696289,461000,0.0
2003-11-11,14.221993446350098,771400,0.0
2003-11-12,14.312178611755371,719400,0.0
2003-11-13,14.235522270202637,572000,0.0
2003-11-14,14.023587226867676,1176200,0.0
2003-11-17,13.879294395446777,919200,0.0
2003-11-18,14.001039505004883,1026000,0.0
2003-11-19,14.08671760559082,684600,0.0
2003-11-20,14.226502418518066,1577800,0.0
2003-11-21,14.488033294677734,872600,0.0
2003-11-24,14.745059967041016,1343800,0.0
2003-11-25,15.3402738571167,2095400,0.0
2003-11-26,15.574755668640137,1636800,0.0
2003-11-28,15.561222076416016,453200,0.0
2003-12-01,15.389869689941406,2138400,0.0
2003-12-02,15.263612747192383,884200,0.0
2003-12-03,15.168924331665039,1247800,0.0
2003-12-04,14.979535102844238,1036400,0.0
2003-12-05,14.884840965270996,792600,0.0
2003-12-08,14.866806983947754,552200,0.0
2003-12-09,14.808184623718262,903400,0.0
2003-12-10,14.767605781555176,758000,0.0
2003-12-11,14.871318817138672,1177000,0.0
2003-12-12,14.2625732421875,2120400,0.0
2003-12-15,14.082207679748535,1788800,0.0
2003-12-16,14.158863067626953,1204600,0.0
2003-12-17,14.307666778564453,721000,0.0
2003-12-18,14.600765228271484,839800,0.0
2003-12-19,14.339232444763184,915800,0.0
2003-12-22,14.497055053710938,733600,0.0
2003-12-23,14.451959609985352,834600,0.0
2003-12-24,14.654873847961426,262200,0.0
2003-12-26,14.654873847961426,155600,0.0
2003-12-29,14.821712493896484,1026600,0.0
2003-12-30,14.862295150756836,1043800,0.0
2003-12-31,14.848767280578613,711600,0.0
2004-01-02,14.835241317749023,814800,0.0
2004-01-05,15.060702323913574,998600,0.0
2004-01-06,15.128345489501953,1230400,0.0
2004-01-07,14.59174633026123,1990400,0.0
2004-01-08,14.415884017944336,1704600,0.0
2004-01-09,14.57822036743164,1353600,0.0
2004-01-12,14.70447826385498,1387600,0.0
2004-01-13,14.68193244934082,1116200,0.0
2004-01-14,14.722512245178223,1145600,0.0
2004-01-15,14.71349811553955,1102800,0.0
2004-01-16,14.65036392211914,1038400,0.0
2004-01-20,14.862295150756836,1120400,0.0
2004-01-21,14.880332946777344,899400,0.0
2004-01-22,15.105790138244629,887200,0.0
2004-01-23,14.844259262084961,1037600,0.0
2004-01-26,14.835241317749023,1118400,0.0
2004-01-27,15.07422924041748,753200,0.0
2004-01-28,14.98855972290039,1039200,0.0
2004-01-29,15.218523979187012,920800,0.0
2004-01-30,15.123827934265137,637000,0.0
2004-02-02,15.227543830871582,645000,0.0
2004-02-03,15.322235107421875,776800,0.0
2004-02-04,15.511624336242676,836200,0.0
2004-02-05,15.72806453704834,1142200,0.0
2004-02-06,15.70551586151123,643600,0.0
2004-02-09,15.538675308227539,631400,0.0
2004-02-10,15.678462028503418,578200,0.0
2004-02-11,15.696494102478027,1196600,0.0
2004-02-12,15.62435245513916,593800,0.0
2004-02-13,16.039199829101562,1117000,0.0
2004-02-17,15.967044830322266,653200,0.0
2004-02-18,15.989598274230957,818400,0.0
2004-02-19,15.597301483154297,1017000,0.0
2004-02-20,15.534168243408203,1032600,0.0
2004-02-23,15.186960220336914,2119400,0.0
2004-02-24,15.223030090332031,1126800,0.0
2004-02-25,13.852237701416016,13801600,0.0
2004-02-26,14.510579109191895,4647800,0.0
2004-02-27,14.294140815734863,2640800,0.0
2004-03-01,14.271592140197754,1893400,0.0
2004-03-02,14.176901817321777,1597400,0.0
2004-03-03,14.203954696655273,3618800,0.0
2004-03-04,14.253554344177246,1673600,0.0
2004-03-05,14.24905014038086,1280400,0.0
2004-03-08,14.226502418518066,1471400,0.0
2004-03-09,14.474508285522461,3200600,0.0
2004-03-10,14.763092994689941,3435200,0.0
2004-03-11,14.654873847961426,3085200,0.0
2004-03-12,15.051679611206055,1944600,0.0
2004-03-15,14.555672645568848,1897200,0.0
2004-03-16,14.699967384338379,1244000,0.0
2004-03-17,14.866806983947754,933800,0.0
2004-03-18,14.745059967041016,639600,0.0
2004-03-19,14.65036392211914,524000,0.0
2004-03-22,14.433923721313477,1028000,0.0
2004-03-23,14.420395851135254,631400,0.0
2004-03-24,14.415884017944336,684800,0.0
2004-03-25,14.50156021118164,2000200,0.0
2004-03-26,14.384323120117188,1341000,0.0
2004-03-29,14.460979461669922,1307000,0.0
2004-03-30,14.420395851135254,1465200,0.0
2004-03-31,14.474508285522461,1234000,0.0
2004-04-01,14.893861770629883,1182600,0.0
2004-04-02,15.0426664352417,1150600,0.0
2004-04-05,15.09677791595459,1118800,0.0
2004-04-06,14.997574806213379,1515000,0.0
2004-04-07,15.078734397888184,857800,0.0
2004-04-08,14.862295150756836,1169600,0.0
2004-04-12,15.038156509399414,779200,0.0
2004-04-13,14.90738582611084,845600,0.0
2004-04-14,14.618800163269043,697000,0.0
2004-04-15,14.63683795928955,685200,0.0
2004-04-16,14.785642623901367,754600,0.0
2004-04-19,14.767605781555176,876800,0.0
2004-04-20,14.569197654724121,931600,0.0
2004-04-21,14.57822036743164,466400,0.0
2004-04-22,14.817205429077148,1253200,0.0
2004-04-23,15.015609741210938,1193600,0.0
2004-04-26,15.065208435058594,1100400,0.0
2004-04-27,15.150882720947266,930000,0.0
2004-04-28,14.848767280578613,713400,0.0
2004-04-29,14.835241317749023,430600,0.0
2004-04-30,14.938958168029785,604000,0.0
2004-05-03,14.889354705810547,763000,0.0
2004-05-04,15.173429489135742,788600,0.0
2004-05-05,15.02011775970459,824600,0.0
2004-05-06,15.060702323913574,543800,0.0
2004-05-07,15.07422924041748,575600,0.0
2004-05-10,15.038156509399414,1246000,0.0
2004-05-11,15.182448387145996,873400,0.0
2004-05-12,15.299694061279297,1207200,0.0
2004-05-13,15.565732955932617,1628000,0.0
2004-05-14,15.592790603637695,737800,0.0
2004-05-17,15.655919075012207,1072400,0.0
2004-05-18,15.737083435058594,923600,0.0
2004-05-19,15.791190147399902,949400,0.0
2004-05-20,15.827262878417969,787200,0.0
2004-05-21,15.773151397705078,867200,0.0
2004-05-24,15.77765941619873,505200,0.0
2004-05-25,16.039199829101562,790600,0.0
2004-05-26,16.296222686767578,641400,0.0
2004-05-27,16.228586196899414,1341600,0.0
2004-05-28,16.23309326171875,606800,0.0
2004-06-01,16.341312408447266,748000,0.0
2004-06-02,16.638919830322266,1121000,0.0
2004-06-03,16.638919830322266,1003000,0.0
2004-06-04,16.760663986206055,586000,0.0
2004-06-07,16.99965476989746,630400,0.0
2004-06-08,16.900455474853516,1014000,0.0
2004-06-09,16.778705596923828,1263400,0.0
2004-06-10,16.684009552001953,716800,0.0
2004-06-14,16.805755615234375,657000,0.0
2004-06-15,16.86888885498047,572200,0.0
2004-06-16,16.95456314086914,1193400,0.0
2004-06-17,16.909475326538086,534000,0.0
2004-06-18,16.79674530029297,1027000,0.0
2004-06-21,16.638919830322266,758800,0.0
2004-06-22,16.684009552001953,1070600,0.0
2004-06-23,16.638919830322266,643800,0.0
2004-06-24,17.040241241455078,1209000,0.0
2004-06-25,16.729106903076172,1053600,0.0
2004-06-28,16.810264587402344,855000,0.0
2004-06-29,16.70655632019043,638800,0.0
2004-06-30,16.742630004882812,1279400,0.0
2004-07-01,16.62539291381836,1734400,0.0
2004-07-02,16.539718627929688,1209000,0.0
2004-07-06,16.629901885986328,1832800,0.0
2004-07-07,16.544227600097656,1403600,0.0
2004-07-08,16.702045440673828,1255000,0.0
2004-07-09,16.79674530029297,1870800,0.0
2004-07-12,17.184528350830078,1493200,0.0
2004-07-13,17.346860885620117,2834800,0.0
2004-07-14,17.554285049438477,1333400,0.0
2004-07-15,17.793275833129883,1722600,0.0
2004-07-16,17.757200241088867,1819600,0.0
2004-07-19,17.707599639892578,1138600,0.0
2004-07-20,17.806804656982422,599200,0.0
2004-07-21,17.333330154418945,874800,0.0
2004-07-22,16.859867095947266,1467600,0.0
2004-07-23,16.652446746826172,976600,0.0
2004-07-26,16.539718627929688,791200,0.0
2004-07-27,16.665973663330078,741200,0.0
2004-07-28,16.688514709472656,712600,0.0
2004-07-29,16.684009552001953,695600,0.0
2004-07-30,17.08081817626953,1153600,0.0
2004-08-02,17.256685256958008,819800,0.0
2004-08-03,16.805755615234375,723000,0.0
2004-08-04,16.760663986206055,498400,0.0
2004-08-05,16.562257766723633,719600,0.0
2004-08-06,16.647932052612305,1029200,0.0
2004-08-09,16.368364334106445,603800,0.0
2004-08-10,16.51717185974121,613800,0.0
2004-08-11,16.526187896728516,551400,0.0
2004-08-12,16.404441833496094,443000,0.0
2004-08-13,16.458555221557617,452200,0.0
2004-08-16,16.445018768310547,780000,0.0
2004-08-17,16.291715621948242,607000,0.0
2004-08-18,16.381895065307617,791000,0.0
2004-08-19,16.463062286376953,387400,0.0
2004-08-20,16.769683837890625,532800,0.0
2004-08-23,17.040241241455078,848000,0.0
2004-08-24,16.58932113647461,1513600,0.0
2004-08-25,16.368364334106445,834000,0.0
2004-08-26,16.54873275756836,910600,0.0
2004-08-27,16.66146469116211,1009000,0.0
2004-08-30,16.508153915405273,503800,0.0
2004-08-31,16.580303192138672,526000,0.0
2004-09-01,16.70655632019043,362800,0.0
2004-09-02,16.841833114624023,1072400,0.0
2004-09-03,17.247663497924805,602000,0.0
2004-09-07,17.337841033935547,638800,0.0
2004-09-08,17.067291259765625,1431800,0.0
2004-09-09,16.711069107055664,1739200,0.0
2004-09-10,16.9410343170166,819600,0.0
2004-09-13,16.981618881225586,473400,0.0
2004-09-14,16.832813262939453,527200,0.0
2004-09-15,16.458555221557617,1707800,0.0
2004-09-16,16.66146469116211,970400,0.0
2004-09-17,16.345823287963867,952000,0.0
2004-09-20,16.458555221557617,571200,0.0
2004-09-21,16.638919830322266,750000,0.0
2004-09-22,16.733612060546875,811600,0.0
2004-09-23,16.59383201599121,667200,0.0
2004-09-24,16.774192810058594,1051000,0.0
2004-09-27,16.864376068115234,1755200,0.0
2004-09-28,16.891437530517578,1134200,0.0
2004-09-29,17.008676528930664,959400,0.0
2004-09-30,17.161983489990234,798000,0.0
2004-10-01,17.59937858581543,1743000,0.0
2004-10-04,17.829345703125,889000,0.0
2004-10-05,17.8338565826416,664800,0.0
2004-10-06,17.72563362121582,779800,0.0
2004-10-07,17.540761947631836,556600,0.0
2004-10-08,17.450571060180664,476200,0.0
2004-10-11,17.34235191345215,700200,0.0
2004-10-12,17.256685256958008,445000,0.0
2004-10-13,17.09885597229004,1015200,0.0
2004-10-14,17.076309204101562,581200,0.0
2004-10-15,17.166492462158203,607800,0.0
2004-10-18,17.811309814453125,964000,0.0
2004-10-19,16.345823287963867,4755200,0.0
2004-10-20,17.14394760131836,2548400,0.0
2004-10-21,17.667007446289062,1407400,0.0
2004-10-22,17.540761947631836,797600,0.0
2004-10-25,17.473121643066406,832400,0.0
2004-10-26,17.522722244262695,607200,0.0
2004-10-27,17.495662689208984,719400,0.0
2004-10-28,17.572322845458984,457000,0.0
2004-10-29,17.689565658569336,540200,0.0
2004-11-01,18.054800033569336,1134200,0.0
2004-11-02,18.600419998168945,1470600,0.0
2004-11-03,18.735694885253906,1723800,0.0
2004-11-04,20.056894302368164,3059400,0.0
2004-11-05,19.50225067138672,2041600,0.0
2004-11-08,19.14603042602539,1917400,0.0
2004-11-09,19.267778396606445,1241800,0.0
2004-11-10,19.001733779907227,1126600,0.0
2004-11-11,19.294837951660156,934800,0.0
2004-11-12,19.642040252685547,983800,0.0
2004-11-15,19.538331985473633,498400,0.0
2004-11-16,19.357961654663086,711000,0.0
2004-11-17,19.50225067138672,918000,0.0
2004-11-18,19.285816192626953,1267600,0.0
2004-11-19,18.956645965576172,1081600,0.0
2004-11-22,19.389530181884766,889400,0.0
2004-11-23,19.723207473754883,1690400,0.0
2004-11-24,20.286853790283203,1354400,0.0
2004-11-26,20.142559051513672,157400,0.0
2004-11-29,20.151582717895508,689000,0.0
2004-11-30,20.156089782714844,1162800,0.0
2004-12-01,20.40860366821289,748600,0.0
2004-12-02,20.647594451904297,794000,0.0
2004-12-03,20.79188346862793,587400,0.0
2004-12-06,20.679157257080078,496000,0.0
2004-12-07,20.54388427734375,761600,0.0
2004-12-08,20.719736099243164,1131600,0.0
2004-12-09,20.742286682128906,738600,0.0
2004-12-10,20.76934242248535,378800,0.0
2004-12-13,20.88657569885254,382400,0.0
2004-12-14,21.175167083740234,780600,0.0
2004-12-15,21.103017807006836,949800,0.0
2004-12-16,21.170658111572266,656800,0.0
2004-12-17,21.562957763671875,1433800,0.0
2004-12-20,20.71072006225586,2132200,0.0
2004-12-21,20.764829635620117,927200,0.0
2004-12-22,20.728761672973633,704200,0.0
2004-12-23,20.76032257080078,358200,0.0
2004-12-27,20.891088485717773,519400,0.0
2004-12-28,20.832468032836914,944200,0.0
2004-12-29,20.864032745361328,340400,0.0
2004-12-30,21.05792808532715,691800,0.0
2004-12-31,20.97225570678711,465400,0.0
2005-01-03,20.949703216552734,1070400,0.0
2005-01-04,20.742286682128906,1294400,0.0
2005-01-05,20.160598754882812,868800,0.0
2005-01-06,20.963233947753906,1341200,0.0
2005-01-07,22.15366554260254,3917200,0.0
2005-01-10,22.32049560546875,2107600,0.0
2005-01-11,21.959766387939453,1481600,0.0
2005-01-12,22.126609802246094,1401400,0.0
2005-01-13,22.194246292114258,956600,0.0
2005-01-14,22.302459716796875,653400,0.0
2005-01-18,22.500865936279297,925400,0.0
2005-01-19,22.325010299682617,924600,0.0
2005-01-20,22.27992057800293,1014600,0.0
2005-01-21,22.23482322692871,884800,0.0
2005-01-24,22.0679874420166,483800,0.0
2005-01-25,21.910165786743164,675000,0.0
2005-01-26,22.095041275024414,723000,0.0
2005-01-27,22.631635665893555,1595600,0.0
2005-01-28,22.793964385986328,1255600,0.0
2005-01-31,23.41172218322754,2898600,0.0
2005-02-01,23.907737731933594,2349200,0.0
2005-02-02,24.128684997558594,2043600,0.0
2005-02-03,24.46236801147461,3644200,0.0
2005-02-04,24.800561904907227,1445000,0.0
2005-02-07,24.44432830810547,1247200,0.0
2005-02-08,24.385711669921875,958000,0.0
2005-02-09,24.187305450439453,781200,0.0
2005-02-10,24.638219833374023,1186000,0.0
2005-02-11,24.967397689819336,1083200,0.0
2005-02-14,24.92681312561035,681600,0.0
2005-02-15,25.454391479492188,1286600,0.0
2005-02-16,25.274019241333008,1387400,0.0
2005-02-17,24.534515380859375,2245200,0.0
2005-02-18,24.128684997558594,1845400,0.0
2005-02-22,23.718351364135742,1136200,0.0
2005-02-23,23.984386444091797,2048000,0.0
2005-02-24,24.37217903137207,1097800,0.0
2005-02-25,24.54804039001465,641800,0.0
2005-02-28,24.13770866394043,1079600,0.0
2005-03-01,24.106138229370117,1129000,0.0
2005-03-02,24.295530319213867,595800,0.0
2005-03-03,24.453353881835938,774400,0.0
2005-03-04,24.57509994506836,784600,0.0
2005-03-07,24.67880630493164,597200,0.0
2005-03-08,23.889699935913086,1759600,0.0
2005-03-09,23.925771713256836,1243200,0.0
2005-03-10,23.898717880249023,759000,0.0
2005-03-11,23.50641632080078,1206400,0.0
2005-03-14,23.74991226196289,1470800,0.0
2005-03-15,23.52897071838379,772000,0.0
2005-03-16,23.53798484802246,1054600,0.0
2005-03-17,23.335065841674805,765400,0.0
2005-03-18,23.312524795532227,1017000,0.0
2005-03-21,22.906696319580078,1384800,0.0
2005-03-22,22.87512969970703,1382400,0.0
2005-03-23,22.672224044799805,1412800,0.0
2005-03-24,22.798477172851562,1290600,0.0
2005-03-28,23.18626594543457,774400,0.0
2005-03-29,23.18175506591797,725000,0.0
2005-03-30,23.722858428955078,1101800,0.0
2005-03-31,23.84010124206543,817200,0.0
2005-04-01,23.979881286621094,1513600,0.0
2005-04-04,23.90322494506836,753000,0.0
2005-04-05,24.10162925720215,695800,0.0
2005-04-06,23.91675567626953,1670400,0.0
2005-04-07,24.561573028564453,971200,0.0
2005-04-08,26.13076400756836,4934200,0.0
2005-04-11,26.05862045288086,2497000,0.0
2005-04-12,27.023591995239258,2291200,0.0
2005-04-13,26.135278701782227,2753600,0.0
2005-04-14,25.702392578125,1530000,0.0
2005-04-15,25.048559188842773,1822400,0.0
2005-04-18,25.729450225830078,1912600,0.0
2005-04-19,26.24801254272461,1922800,0.0
2005-04-20,25.52653694152832,2503400,0.0
2005-04-21,25.51300811767578,2500000,0.0
2005-04-22,25.228933334350586,2056800,0.0
2005-04-25,25.54907989501953,1344200,0.0
2005-04-26,24.588623046875,2161600,0.0
2005-04-27,24.43531608581543,2079800,0.0
2005-04-28,23.90322494506836,1790200,0.0
2005-04-29,23.767948150634766,1564200,0.0
2005-05-02,24.142215728759766,861000,0.0
2005-05-03,24.160249710083008,1152000,0.0
2005-05-04,25.089147567749023,2314400,0.0
2005-05-05,25.1883487701416,1216800,0.0
2005-05-06,25.170303344726562,834400,0.0
2005-05-09,25.084632873535156,1057400,0.0
2005-05-10,24.746448516845703,949400,0.0
2005-05-11,24.755468368530273,805400,0.0
2005-05-12,24.191814422607422,1001400,0.0
2005-05-13,23.85362434387207,871200,0.0
2005-05-16,24.259456634521484,442400,0.0
2005-05-17,23.898717880249023,956900,0.0
2005-05-18,24.340620040893555,747800,0.0
2005-05-19,24.043014526367188,927500,0.0
2005-05-20,23.970863342285156,737500,0.0
2005-05-23,24.061052322387695,645000,0.0
2005-05-24,23.673259735107422,924400,0.0
2005-05-25,23.357616424560547,1222500,0.0
2005-05-26,23.258411407470703,1507300,0.0
2005-05-27,23.465835571289062,1524600,0.0
2005-05-31,25.08012580871582,3595000,0.0
2005-06-01,24.62920570373535,1345900,0.0
2005-06-02,24.86368751525879,850800,0.0
2005-06-03,25.27853012084961,1138400,0.0
2005-06-06,25.323627471923828,833100,0.0
2005-06-07,25.251476287841797,812200,0.0
2005-06-08,25.431840896606445,747900,0.0
2005-06-09,25.27853012084961,931800,0.0
2005-06-10,25.269512176513672,751100,0.0
2005-06-13,25.485952377319336,854900,0.0
2005-06-14,25.242456436157227,815500,0.0
2005-06-15,24.980926513671875,691600,0.0
2005-06-16,25.053070068359375,528500,0.0
2005-06-17,25.350677490234375,2269700,0.0
2005-06-20,26.03607940673828,1385100,0.0
2005-06-21,26.099199295043945,1146900,0.0
2005-06-22,25.963932037353516,813600,0.0
2005-06-23,26.288585662841797,1291800,0.0
2005-06-24,25.522031784057617,1077700,0.0
2005-06-27,26.676382064819336,1456600,0.0
2005-06-28,27.803680419921875,2357200,0.0
2005-06-29,27.52410888671875,3220000,0.0
2005-06-30,26.60423469543457,3439700,0.0
2005-07-01,26.96497344970703,20393000,0.0
2005-07-05,26.829692840576172,2389200,0.0
2005-07-06,26.874786376953125,1542500,0.0
2005-07-07,26.928897857666016,1155500,0.0
2005-07-08,27.262575149536133,1101900,0.0
2005-07-11,26.685396194458008,1153900,0.0
2005-07-12,26.658348083496094,891500,0.0
2005-07-13,26.20743179321289,1285200,0.0
2005-07-14,25.945890426635742,1720400,0.0
2005-07-15,25.8466854095459,2015500,0.0
2005-07-18,25.936872482299805,777600,0.0
2005-07-19,25.585159301757812,993200,0.0
2005-07-20,25.242456436157227,1700900,0.0
2005-07-21,25.395771026611328,1449800,0.0
2005-07-22,25.494972229003906,780500,0.0
2005-07-25,25.31460952758789,782200,0.0
2005-07-26,25.323627471923828,914600,0.0
2005-07-27,24.764482498168945,887000,0.0
2005-07-28,25.215404510498047,746100,0.0
2005-07-29,24.71037483215332,1166000,0.0
2005-08-01,24.566076278686523,1078600,0.0
2005-08-02,24.55706024169922,1541700,0.0
2005-08-03,24.97191047668457,1056300,0.0
2005-08-04,24.746448516845703,913100,0.0
2005-08-05,24.295530319213867,610000,0.0
2005-08-08,24.376693725585938,633200,0.0
2005-08-09,24.340620040893555,759900,0.0
2005-08-10,24.493925094604492,542200,0.0
2005-08-11,23.889699935913086,1527200,0.0
2005-08-12,24.746448516845703,1510300,0.0
2005-08-15,24.827608108520508,841700,0.0
2005-08-16,24.385711669921875,668300,0.0
2005-08-17,24.349637985229492,923100,0.0
2005-08-18,24.241411209106445,1207700,0.0
2005-08-19,23.96184539794922,670300,0.0
2005-08-22,23.898717880249023,1149000,0.0
2005-08-23,24.03399658203125,868600,0.0
2005-08-24,24.5841121673584,1380600,0.0
2005-08-25,24.800561904907227,1305200,0.0
2005-08-26,25.0350341796875,1532400,0.0
2005-08-29,24.93583106994629,803900,0.0
2005-08-30,24.62018585205078,1005800,0.0
2005-08-31,24.81859016418457,747400,0.0
2005-09-01,25.377729415893555,875100,0.0
2005-09-02,25.161293029785156,534500,0.0
2005-09-06,25.594179153442383,1139900,0.0
2005-09-07,25.702392578125,866200,0.0
2005-09-08,25.666316986083984,2186200,0.0
2005-09-09,25.68435287475586,1019800,0.0
2005-09-12,25.503995895385742,530900,0.0
2005-09-13,25.7745418548584,739100,0.0
2005-09-14,25.260496139526367,507000,0.0
2005-09-15,25.78355598449707,626200,0.0
2005-09-16,25.91883659362793,930400,0.0
2005-09-19,25.503995895385742,876200,0.0
2005-09-20,25.22441864013672,559800,0.0
2005-09-21,23.276456832885742,3834900,0.0
2005-09-22,23.862642288208008,1823500,0.0
2005-09-23,23.85362434387207,1073600,0.0
2005-09-26,23.474863052368164,916000,0.0
2005-09-27,23.050992965698242,2491500,0.0
2005-09-28,23.465835571289062,4324300,0.0
2005-09-29,23.447805404663086,969000,0.0
2005-09-30,23.447805404663086,615600,0.0
2005-10-03,23.267433166503906,1134100,0.0
2005-10-04,22.906696319580078,1582500,0.0
2005-10-05,21.83350944519043,4468700,0.0
2005-10-06,22.473812103271484,1657700,0.0
2005-10-07,21.13007164001465,4312100,0.0
2005-10-10,21.03989601135254,2493000,0.0
2005-10-11,20.516826629638672,2037300,0.0
2005-10-12,20.50780487060547,2067600,0.0
2005-10-13,20.065906524658203,2026300,0.0
2005-10-14,20.300390243530273,1588500,0.0
2005-10-17,20.805410385131836,1488500,0.0
2005-10-18,20.652099609375,1686800,0.0
2005-10-19,20.399585723876953,1823400,0.0
2005-10-20,20.21921730041504,1644400,0.0
2005-10-21,20.18314552307129,1317900,0.0
2005-10-24,20.64308738708496,1314300,0.0
2005-10-25,20.7963924407959,2153400,0.0
2005-10-26,20.616025924682617,1855800,0.0
2005-10-27,20.480751037597656,1096800,0.0
2005-10-28,20.471736907958984,1110700,0.0
2005-10-31,21.229278564453125,1177100,0.0
2005-11-01,21.0218505859375,991600,0.0
2005-11-02,21.50885009765625,1160400,0.0
2005-11-03,21.418663024902344,1487500,0.0
2005-11-04,21.030864715576172,1226200,0.0
2005-11-07,21.166152954101562,1272600,0.0
2005-11-08,21.193204879760742,1078100,0.0
2005-11-09,20.805410385131836,1237200,0.0
2005-11-10,21.14811134338379,1724000,0.0
2005-11-11,21.292404174804688,716400,0.0
2005-11-14,21.644119262695312,1356800,0.0
2005-11-15,21.779396057128906,1060300,0.0
2005-11-16,21.707250595092773,1004800,0.0
2005-11-17,21.707250595092773,981100,0.0
2005-11-18,21.175167083740234,2245600,0.0
2005-11-21,21.463748931884766,870900,0.0
2005-11-22,21.04891014099121,1600000,0.0
2005-11-23,20.832468032836914,1109800,0.0
2005-11-25,20.778358459472656,595200,0.0
2005-11-28,20.489768981933594,2501000,0.0
2005-11-29,20.7963924407959,1379400,0.0
2005-11-30,21.30142593383789,1604800,0.0
2005-12-01,20.994802474975586,1603500,0.0
2005-12-02,22.07700538635254,1611700,0.0
2005-12-05,22.2122802734375,2055600,0.0
2005-12-06,22.365589141845703,1140000,0.0
2005-12-07,22.383628845214844,1790600,0.0
2005-12-08,22.39264488220215,1092800,0.0
2005-12-09,22.383628845214844,1559700,0.0
2005-12-12,22.410686492919922,1046600,0.0
2005-12-13,22.54595947265625,1392800,0.0
2005-12-14,23.01491928100586,2173000,0.0
2005-12-15,22.64516258239746,1181900,0.0
2005-12-16,22.563997268676758,1502300,0.0
2005-12-19,22.9517879486084,2378400,0.0
2005-12-20,23.21332550048828,1235500,0.0
2005-12-21,23.078044891357422,1062300,0.0
2005-12-22,23.10509490966797,867400,0.0
2005-12-23,23.312524795532227,1085300,0.0
2005-12-27,23.673259735107422,1912900,0.0
2005-12-28,23.339580535888672,627500,0.0
2005-12-29,23.420745849609375,1192800,0.0
2005-12-30,23.65521812438965,1130500,0.0
2006-01-03,23.43878173828125,1452400,0.0
2006-01-04,23.64620018005371,2379500,0.0
2006-01-05,22.591054916381836,5786700,0.0
2006-01-06,23.58307647705078,3669000,0.0
2006-01-09,23.60111427307129,1912300,0.0
2006-01-10,23.5560245513916,1161000,0.0
2006-01-11,23.60111427307129,1071900,0.0
2006-01-12,23.934791564941406,1044900,0.0
2006-01-13,23.58307647705078,1053600,0.0
2006-01-17,23.592092514038086,1110800,0.0
2006-01-18,23.592092514038086,677700,0.0
2006-01-19,23.447805404663086,857000,0.0
2006-01-20,23.29448890686035,1209400,0.0
2006-01-23,23.64620018005371,1068600,0.0
2006-01-24,23.727365493774414,973200,0.0
2006-01-25,23.628164291381836,1168000,0.0
2006-01-26,23.628164291381836,590700,0.0
2006-01-27,23.64620018005371,921200,0.0
2006-01-30,23.754425048828125,616300,0.0
2006-01-31,24.070066452026367,1233800,0.0
2006-02-01,23.628164291381836,2379500,0.0
2006-02-02,23.727365493774414,1030200,0.0
2006-02-03,23.736385345458984,669100,0.0
2006-02-06,23.673259735107422,550000,0.0
2006-02-07,23.745407104492188,692100,0.0
2006-02-08,23.673259735107422,937200,0.0
2006-02-09,23.53798484802246,1262500,0.0
2006-02-10,23.727365493774414,1594600,0.0
2006-02-13,24.259456634521484,1370400,0.0
2006-02-14,24.322580337524414,582700,0.0
2006-02-15,24.349637985229492,503500,0.0
2006-02-16,24.692340850830078,811600,0.0
2006-02-17,22.852582931518555,6158700,0.0
2006-02-21,22.9517879486084,1624300,0.0
2006-02-22,23.285463333129883,1223700,0.0
2006-02-23,23.673259735107422,1069500,0.0
2006-02-24,23.592092514038086,831400,0.0
2006-02-27,24.106138229370117,1411700,0.0
2006-02-28,23.754425048828125,940200,0.0
2006-03-01,23.925771713256836,1058000,0.0
2006-03-02,23.871662139892578,693300,0.0
2006-03-03,23.95282554626465,638600,0.0
2006-03-06,24.115163803100586,661600,0.0
2006-03-07,24.00694465637207,562600,0.0
2006-03-08,24.35865592956543,637300,0.0
2006-03-09,24.052030563354492,697300,0.0
2006-03-10,24.638219833374023,2196400,0.0
2006-03-13,24.502946853637695,767600,0.0
2006-03-14,24.394729614257812,915200,0.0
2006-03-15,24.31355857849121,609700,0.0
2006-03-16,24.106138229370117,971600,0.0
2006-03-17,23.691295623779297,1547100,0.0
2006-03-20,23.492887496948242,1317900,0.0
2006-03-21,23.492887496948242,1103000,0.0
2006-03-22,23.709333419799805,1941600,0.0
2006-03-23,23.402706146240234,654400,0.0
2006-03-24,23.050992965698242,989100,0.0
2006-03-27,23.132156372070312,769400,0.0
2006-03-28,22.798477172851562,929700,0.0
2006-03-29,23.0960750579834,1761700,0.0
2006-03-30,22.54595947265625,1295900,0.0
2006-03-31,22.591054916381836,1855200,0.0
2006-04-03,22.771419525146484,1628700,0.0
2006-04-04,23.348596572875977,2015200,0.0
2006-04-05,23.339580535888672,1530300,0.0
2006-04-06,22.96080780029297,1798200,0.0
2006-04-07,21.635101318359375,6854600,0.0
2006-04-10,21.698230743408203,1781700,0.0
2006-04-11,21.418663024902344,2126600,0.0
2006-04-12,21.436702728271484,1623500,0.0
2006-04-13,21.319459915161133,927500,0.0
2006-04-17,21.175167083740234,1068000,0.0
2006-04-18,21.860567092895508,1701100,0.0
2006-04-19,21.644119262695312,834600,0.0
2006-04-20,21.80645179748535,946600,0.0
2006-04-21,21.644119262695312,729000,0.0
2006-04-24,21.65313720703125,921700,0.0
2006-04-25,22.221294403076172,1340900,0.0
2006-04-26,21.95075225830078,879400,0.0
2006-04-27,22.149152755737305,724400,0.0
2006-04-28,22.275409698486328,980500,0.0
2006-05-01,21.80645179748535,1080500,0.0
2006-05-02,22.53693962097168,1152800,0.0
2006-05-03,22.095041275024414,1151500,0.0
2006-05-04,22.113079071044922,770900,0.0
2006-05-05,22.455780029296875,847900,0.0
2006-05-08,22.563997268676758,834200,0.0
2006-05-09,22.54595947265625,629400,0.0
2006-05-10,22.08602523803711,783800,0.0
2006-05-11,21.9146728515625,1097900,0.0
2006-05-12,21.860567092895508,682200,0.0
2006-05-15,21.78841209411621,1163200,0.0
2006-05-16,22.140132904052734,713400,0.0
2006-05-17,21.734304428100586,923400,0.0
2006-05-18,22.03192138671875,1323900,0.0
2006-05-19,22.266387939453125,1131100,0.0
2006-05-22,22.10405731201172,663400,0.0
2006-05-23,21.79743766784668,550700,0.0
2006-05-24,21.959766387939453,710300,0.0
2006-05-25,22.365589141845703,747200,0.0
2006-05-26,21.995838165283203,613600,0.0
2006-05-30,21.517864227294922,814700,0.0
2006-05-31,22.275409698486328,1345900,0.0
2006-06-01,22.5098819732666,1063900,0.0
2006-06-02,22.527925491333008,839900,0.0
2006-06-05,22.311477661132812,740300,0.0
2006-06-06,22.672224044799805,1029200,0.0
2006-06-07,22.627126693725586,1367400,0.0
2006-06-08,22.53693962097168,996700,0.0
2006-06-09,22.39264488220215,834600,0.0
2006-06-12,22.275409698486328,604100,0.0
2006-06-13,21.9146728515625,935900,0.0
2006-06-14,22.00485610961914,793900,0.0
2006-06-15,22.446752548217773,973300,0.0
2006-06-16,22.446752548217773,1269600,0.0
2006-06-19,22.32049560546875,676100,0.0
2006-06-20,22.861604690551758,1028600,0.0
2006-06-21,23.258411407470703,1274200,0.0
2006-06-22,23.456819534301758,783800,0.0
2006-06-23,23.393688201904297,1837700,0.0
2006-06-26,23.032958984375,1159200,0.0
2006-06-27,22.91571807861328,1396900,0.0
2006-06-28,23.339580535888672,1252300,0.0
2006-06-29,23.664241790771484,1334700,0.0
2006-06-30,22.54595947265625,2298600,0.0
2006-07-03,22.870620727539062,728400,0.0
2006-07-05,22.573020935058594,1415400,0.0
2006-07-06,22.816513061523438,1015000,0.0
2006-07-07,22.60909080505371,920300,0.0
2006-07-10,22.40166664123535,714400,0.0
2006-07-11,22.591054916381836,816000,0.0
2006-07-12,22.60909080505371,912700,0.0
2006-07-13,22.54595947265625,915200,0.0
2006-07-14,22.131113052368164,1093300,0.0
2006-07-17,22.356578826904297,1131200,0.0
2006-07-18,22.275409698486328,1822500,0.0
2006-07-19,22.681232452392578,3363400,0.0
2006-07-20,22.681232452392578,1076300,0.0
2006-07-21,22.37460708618164,959600,0.0
2006-07-24,22.446752548217773,593000,0.0
2006-07-25,22.275409698486328,1480900,0.0
2006-07-26,22.149152755737305,1798000,0.0
2006-07-27,22.257373809814453,1516200,0.0
2006-07-28,22.049951553344727,711200,0.0
2006-07-31,22.058969497680664,913600,0.0
2006-08-01,22.01387596130371,805500,0.0
2006-08-02,22.455780029296875,1371400,0.0
2006-08-03,22.54595947265625,1470600,0.0
2006-08-04,22.573020935058594,1971100,0.0
2006-08-07,22.573020935058594,1281400,0.0
2006-08-08,22.636144638061523,1433700,0.0
2006-08-09,22.600067138671875,979600,0.0
2006-08-10,22.69927406311035,1177600,0.0
2006-08-11,22.861604690551758,1160400,0.0
2006-08-14,22.717309951782227,1242100,0.0
2006-08-15,22.996875762939453,1482900,0.0
2006-08-16,23.204299926757812,1065900,0.0
2006-08-17,23.005903244018555,1074100,0.0
2006-08-18,22.91571807861328,756600,0.0
2006-08-21,22.91571807861328,441600,0.0
2006-08-22,22.9517879486084,720800,0.0
2006-08-23,23.132156372070312,814100,0.0
2006-08-24,23.492887496948242,907000,0.0
2006-08-25,23.682275772094727,1077000,0.0
2006-08-28,23.691295623779297,1097400,0.0
2006-08-29,24.2233829498291,1047900,0.0
2006-08-30,24.43982696533203,1212300,0.0
2006-08-31,24.611173629760742,1035400,0.0
2006-09-01,24.62920570373535,1197600,0.0
2006-09-05,24.44883918762207,1127600,0.0
2006-09-06,24.412763595581055,1148000,0.0
2006-09-07,24.611173629760742,1938200,0.0
2006-09-08,25.017004013061523,2169700,0.0
2006-09-11,24.899761199951172,1053600,0.0
2006-09-12,25.13423728942871,1212800,0.0
2006-09-13,25.0350341796875,1411800,0.0
2006-09-14,24.899761199951172,1802600,0.0
2006-09-15,25.08012580871582,2059400,0.0
2006-09-18,24.90877914428711,907900,0.0
2006-09-19,24.890743255615234,1182900,0.0
2006-09-20,25.098159790039062,735200,0.0
2006-09-21,24.93583106994629,886200,0.0
2006-09-22,24.8817195892334,1021300,0.0
2006-09-25,24.91779327392578,1078800,0.0
2006-09-26,25.594179153442383,1924700,0.0
2006-09-27,25.702392578125,1873300,0.0
2006-09-28,26.018033981323242,1335500,0.0
2006-09-29,25.954914093017578,1627900,0.0
2006-10-02,26.018033981323242,1310500,0.0
2006-10-03,25.972946166992188,1250100,0.0
2006-10-04,26.225465774536133,2566900,0.0
2006-10-05,26.11724090576172,6587900,0.0
2006-10-06,25.22441864013672,4922900,0.0
2006-10-09,24.97191047668457,2196900,0.0
2006-10-10,24.998960494995117,1607400,0.0
2006-10-11,24.890743255615234,2247900,0.0
2006-10-12,24.962888717651367,1673500,0.0
2006-10-13,24.773509979248047,1570500,0.0
2006-10-16,24.836627960205078,2676800,0.0
2006-10-17,24.8817195892334,1831600,0.0
2006-10-18,24.980926513671875,1664900,0.0
2006-10-19,24.85466766357422,1290500,0.0
2006-10-20,24.93583106994629,1155700,0.0
2006-10-23,25.053070068359375,1097900,0.0
2006-10-24,24.845651626586914,2045600,0.0
2006-10-25,24.81859016418457,2407700,0.0
2006-10-26,24.944852828979492,1219100,0.0
2006-10-27,24.890743255615234,713800,0.0
2006-10-30,24.7374267578125,847300,0.0
2006-10-31,24.791542053222656,1908900,0.0
2006-11-01,24.827608108520508,1122500,0.0
2006-11-02,25.13423728942871,2170600,0.0
2006-11-03,24.980926513671875,996300,0.0
2006-11-06,25.00798225402832,963600,0.0
2006-11-07,24.809574127197266,3017900,0.0
2006-11-08,25.0350341796875,1019900,0.0
2006-11-09,25.0350341796875,1375500,0.0
2006-11-10,25.062089920043945,763900,0.0
2006-11-13,25.287551879882812,845200,0.0
2006-11-14,25.3326416015625,805400,0.0
2006-11-15,25.143251419067383,868100,0.0
2006-11-16,25.296571731567383,1099100,0.0
2006-11-17,25.152271270751953,792600,0.0
2006-11-20,25.0350341796875,640400,0.0
2006-11-21,25.017004013061523,1117400,0.0
2006-11-22,25.071104049682617,874200,0.0
2006-11-24,24.91779327392578,492000,0.0
2006-11-27,24.809574127197266,923300,0.0
2006-11-28,25.044052124023438,1707400,0.0
2006-11-29,25.116201400756836,660900,0.0
2006-11-30,25.233442306518555,1127700,0.0
2006-12-01,25.395771026611328,1149400,0.0
2006-12-04,25.44988441467285,975000,0.0
2006-12-05,25.30558204650879,1369900,0.0
2006-12-06,25.27853012084961,815700,0.0
2006-12-07,25.368711471557617,695900,0.0
2006-12-08,25.413806915283203,495300,0.0
2006-12-11,25.413806915283203,633800,0.0
2006-12-12,25.765527725219727,837100,0.0
2006-12-13,25.594179153442383,880200,0.0
2006-12-14,25.585159301757812,716500,0.0
2006-12-15,25.51300811767578,910100,0.0
2006-12-18,25.476938247680664,573000,0.0
2006-12-19,25.233442306518555,1036000,0.0
2006-12-20,25.22441864013672,716500,0.0
2006-12-21,25.296571731567383,1025300,0.0
2006-12-22,25.61220932006836,743800,0.0
2006-12-26,25.756502151489258,653600,0.0
2006-12-27,25.990983963012695,638300,0.0
2006-12-28,26.09018898010254,733300,0.0
2006-12-29,26.17135238647461,1399700,0.0
2007-01-03,25.61220932006836,2501000,0.0
2007-01-04,22.681232452392578,9149800,0.0
2007-01-05,22.01387596130371,7236300,0.0
2007-01-08,22.284425735473633,3062200,0.0
2007-01-09,22.230318069458008,1764400,0.0
2007-01-10,22.473812103271484,2598400,0.0
2007-01-11,22.500865936279297,1935200,0.0
2007-01-12,22.437742233276367,3166400,0.0
2007-01-16,22.311477661132812,1854700,0.0
2007-01-17,22.365589141845703,1722700,0.0
2007-01-18,22.500865936279297,1076700,0.0
2007-01-19,22.500865936279297,1385000,0.0
2007-01-22,22.32952308654785,1138000,0.0
2007-01-23,22.54595947265625,1402400,0.0
2007-01-24,22.807497024536133,1279300,0.0
2007-01-25,22.6632022857666,1582700,0.0
2007-01-26,22.6632022857666,1497700,0.0
2007-01-29,22.419702529907227,1244100,0.0
2007-01-30,22.446752548217773,906900,0.0
2007-01-31,22.311477661132812,1245300,0.0
2007-02-01,22.167192459106445,2484800,0.0
2007-02-02,22.24835777282715,1605500,0.0
2007-02-05,22.10405731201172,1121900,0.0
2007-02-06,21.968782424926758,1373800,0.0
2007-02-07,21.959766387939453,1507000,0.0
2007-02-08,21.896642684936523,1796400,0.0
2007-02-09,21.76136016845703,1707600,0.0
2007-02-12,21.74332618713379,1331000,0.0
2007-02-13,21.707250595092773,2153100,0.0
2007-02-14,22.095041275024414,1719900,0.0
2007-02-15,22.095041275024414,3088600,0.0
2007-02-16,21.65313720703125,4966400,0.0
2007-02-20,21.65313720703125,3448100,0.0
2007-02-21,21.6892147064209,2078000,0.0
2007-02-22,21.544919967651367,3291900,0.0
2007-02-23,21.599031448364258,1910900,0.0
2007-02-26,21.481796264648438,1453400,0.0
2007-02-27,20.95872688293457,2239600,0.0
2007-02-28,21.15713119506836,2256800,0.0
2007-03-01,18.09087562561035,13497300,0.0
2007-03-02,17.57683753967285,6970400,0.0
2007-03-05,17.25216293334961,4131900,0.0
2007-03-06,17.360389709472656,3570900,0.0
2007-03-07,17.152971267700195,2593300,0.0
2007-03-08,17.09885597229004,3428100,0.0
2007-03-09,17.306278228759766,2381300,0.0
2007-03-12,17.63996124267578,9288400,0.0
2007-03-13,17.24315071105957,6369600,0.0
2007-03-14,17.405485153198242,2270700,0.0
2007-03-15,17.4595947265625,2428100,0.0
2007-03-16,17.37842559814453,1978300,0.0
2007-03-19,17.360389709472656,2515900,0.0
2007-03-20,17.567813873291016,6895500,0.0
2007-03-21,17.838363647460938,2880500,0.0
2007-03-22,18.00069236755371,2281200,0.0
2007-03-23,18.352415084838867,3569600,0.0
2007-03-26,18.59590721130371,2448400,0.0
2007-03-27,18.505722045898438,3005700,0.0
2007-03-28,18.54179573059082,2536300,0.0
2007-03-29,18.785295486450195,2312200,0.0
2007-03-30,19.100936889648438,3336100,0.0
2007-04-02,18.848421096801758,2580200,0.0
2007-04-03,18.74921989440918,2135700,0.0
2007-04-04,18.77627944946289,2993900,0.0
2007-04-05,19.380508422851562,4531400,0.0
2007-04-09,19.425600051879883,2774500,0.0
2007-04-10,19.51578140258789,1841700,0.0
2007-04-11,19.452655792236328,1633200,0.0
2007-04-12,19.82240867614746,2226800,0.0
2007-04-13,19.678119659423828,1513500,0.0
2007-04-16,20.047868728637695,1746700,0.0
2007-04-17,19.578916549682617,4155700,0.0
2007-04-18,20.083942413330078,2110200,0.0
2007-04-19,19.993759155273438,1744000,0.0
2007-04-20,20.28234100341797,2915000,0.0
2007-04-23,20.480751037597656,2829000,0.0
2007-04-24,20.336448669433594,2495400,0.0
2007-04-25,20.2011775970459,1545900,0.0
2007-04-26,20.471736907958984,2140800,0.0
2007-04-27,20.54388427734375,1829600,0.0
2007-04-30,20.2101993560791,2224600,0.0
2007-05-01,20.471736907958984,1470400,0.0
2007-05-02,20.480751037597656,1557300,0.0
2007-05-03,20.588972091674805,1095500,0.0
2007-05-04,20.273326873779297,1503100,0.0
2007-05-07,20.742286682128906,20434800,0.0
2007-05-08,21.0218505859375,3024200,0.0
2007-05-09,21.238296508789062,2316700,0.0
2007-05-10,21.265350341796875,2336100,0.0
2007-05-11,21.319459915161133,1914200,0.0
2007-05-14,21.544919967651367,3570900,0.0
2007-05-15,21.49983024597168,2394200,0.0
2007-05-16,21.67117691040039,1723200,0.0
2007-05-17,21.932714462280273,1766300,0.0
2007-05-18,21.995838165283203,1926600,0.0
2007-05-21,22.113079071044922,2013600,0.0
2007-05-22,21.995838165283203,1882900,0.0
2007-05-23,21.878602981567383,3395500,0.0
2007-05-24,21.79743766784668,2260900,0.0
2007-05-25,21.824493408203125,1813800,0.0
2007-05-29,21.79743766784668,4149000,0.0
2007-05-30,21.941734313964844,1935400,0.0
2007-05-31,21.9146728515625,2219700,0.0
2007-06-01,21.887615203857422,2764600,0.0
2007-06-04,21.779396057128906,2279800,0.0
2007-06-05,21.599031448364258,2161700,0.0
2007-06-06,21.373573303222656,2559600,0.0
2007-06-07,20.823450088500977,2112100,0.0
2007-06-08,21.093997955322266,1701800,0.0
2007-06-11,21.33749771118164,1505200,0.0
2007-06-12,21.15713119506836,2158000,0.0
2007-06-13,21.580995559692383,1229900,0.0
2007-06-14,21.53590202331543,1213400,0.0
2007-06-15,21.65313720703125,1743100,0.0
2007-06-18,21.83350944519043,1518700,0.0
2007-06-19,21.887615203857422,1410400,0.0
2007-06-20,21.49983024597168,1406900,0.0
2007-06-21,21.662158966064453,1336700,0.0
2007-06-22,21.779396057128906,2466000,0.0
2007-06-25,21.50885009765625,2430800,0.0
2007-06-26,21.319459915161133,2844500,0.0
2007-06-27,21.76136016845703,2273400,0.0
2007-06-28,22.527925491333008,6616300,0.0
2007-06-29,21.896642684936523,3195500,0.0
2007-07-02,22.491851806640625,2591300,0.0
2007-07-03,22.42872428894043,869900,0.0
2007-07-05,21.896642684936523,2234600,0.0
2007-07-06,21.932714462280273,1864400,0.0
2007-07-09,21.707250595092773,2134600,0.0
2007-07-10,21.247310638427734,2702100,0.0
2007-07-11,21.211238861083984,2092100,0.0
2007-07-12,21.418663024902344,1970100,0.0
2007-07-13,21.139097213745117,1474900,0.0
2007-07-16,20.868539810180664,3114000,0.0
2007-07-17,20.805410385131836,2986500,0.0
2007-07-18,20.832468032836914,2188800,0.0
2007-07-19,20.93166732788086,2883400,0.0
2007-07-20,20.71523094177246,2295700,0.0
2007-07-23,20.85050392150879,1719000,0.0
2007-07-24,20.616025924682617,4055400,0.0
2007-07-25,20.552900314331055,2417600,0.0
2007-07-26,19.91259002685547,3650800,0.0
2007-07-27,19.777320861816406,2897300,0.0
2007-07-30,20.002775192260742,2379900,0.0
2007-07-31,19.777320861816406,1903700,0.0
2007-08-01,19.930627822875977,2360400,0.0
2007-08-02,19.966705322265625,1419700,0.0
2007-08-03,19.88553810119629,2248200,0.0
2007-08-06,20.78737449645996,2398800,0.0
2007-08-07,21.400623321533203,3013400,0.0
2007-08-08,22.02289390563965,3471500,0.0
2007-08-09,22.410686492919922,6795100,0.0
2007-08-10,21.869579315185547,4998800,0.0
2007-08-13,21.229278564453125,3009500,0.0
2007-08-14,20.95872688293457,2118700,0.0
2007-08-15,20.823450088500977,1475000,0.0
2007-08-16,20.71523094177246,2093100,0.0
2007-08-17,21.093997955322266,2131800,0.0
2007-08-20,21.78841209411621,1497400,0.0
2007-08-21,21.76136016845703,1045100,0.0
2007-08-22,21.9146728515625,821300,0.0
2007-08-23,21.9146728515625,1204400,0.0
2007-08-24,21.968782424926758,844200,0.0
2007-08-27,21.824493408203125,755700,0.0
2007-08-28,21.139097213745117,1243700,0.0
2007-08-29,21.562957763671875,1191200,0.0
2007-08-30,21.67117691040039,1112900,0.0
2007-08-31,21.80645179748535,1015400,0.0
2007-09-04,21.98681640625,1143500,0.0
2007-09-05,21.707250595092773,1094300,0.0
2007-09-06,21.644119262695312,1010500,0.0
2007-09-07,21.590011596679688,1086300,0.0
2007-09-10,21.373573303222656,857400,0.0
2007-09-11,21.35553550720215,1067400,0.0
2007-09-12,21.617067337036133,1167400,0.0
2007-09-13,21.562957763671875,1059000,0.0
2007-09-14,21.373573303222656,1058000,0.0
2007-09-17,21.04891014099121,1224000,0.0
2007-09-18,21.373573303222656,1080400,0.0
2007-09-19,21.72528839111328,1242700,0.0
2007-09-20,21.517864227294922,1050900,0.0
2007-09-21,21.6892147064209,1449500,0.0
2007-09-24,21.28339195251465,1234600,0.0
2007-09-25,21.166152954101562,1494700,0.0
2007-09-26,21.436702728271484,918800,0.0
2007-09-27,21.779396057128906,1093400,0.0
2007-09-28,21.83350944519043,1020600,0.0
2007-10-01,22.58203887939453,2530900,0.0
2007-10-02,22.573020935058594,1682900,0.0
2007-10-03,22.20326042175293,1757800,0.0
2007-10-04,22.54595947265625,3375800,0.0
2007-10-05,22.54595947265625,1754000,0.0
2007-10-08,22.789457321166992,1317500,0.0
2007-10-09,23.10509490966797,2953600,0.0
2007-10-10,23.43878173828125,2517800,0.0
2007-10-11,23.2493953704834,1578600,0.0
2007-10-12,23.240375518798828,1563100,0.0
2007-10-15,22.879640579223633,1418700,0.0
2007-10-16,22.978843688964844,1406500,0.0
2007-10-17,22.771419525146484,1125200,0.0
2007-10-18,22.61811065673828,869500,0.0
2007-10-19,22.311477661132812,2062700,0.0
2007-10-22,22.464792251586914,868100,0.0
2007-10-23,22.64516258239746,901100,0.0
2007-10-24,22.527925491333008,1130000,0.0
2007-10-25,22.040935516357422,1825700,0.0
2007-10-26,22.717309951782227,1393900,0.0
2007-10-29,22.708290100097656,610600,0.0
2007-10-30,22.32049560546875,797500,0.0
2007-10-31,22.654178619384766,1212400,0.0
2007-11-01,22.302459716796875,1444200,0.0
2007-11-02,22.00485610961914,1689000,0.0
2007-11-05,21.968782424926758,1339800,0.0
2007-11-06,21.824493408203125,997100,0.0
2007-11-07,21.4727725982666,992100,0.0
2007-11-08,21.33749771118164,2104600,0.0
2007-11-09,20.733261108398438,1730200,0.0
2007-11-12,20.381547927856445,1769000,0.0
2007-11-13,20.805410385131836,1931500,0.0
2007-11-14,20.39056968688965,1173900,0.0
2007-11-15,20.363508224487305,1593500,0.0
2007-11-16,20.985782623291016,2187800,0.0
2007-11-19,20.679157257080078,1637400,0.0
2007-11-20,21.05792808532715,1469800,0.0
2007-11-21,20.426639556884766,1142900,0.0
2007-11-23,21.20221710205078,592200,0.0
2007-11-26,20.724241256713867,1184500,0.0
2007-11-27,21.121049880981445,1665300,0.0
2007-11-28,21.62608528137207,1566700,0.0
2007-11-29,21.30142593383789,682000,0.0
2007-11-30,21.238296508789062,1759700,0.0
2007-12-03,21.35553550720215,990900,0.0
2007-12-04,21.436702728271484,1245100,0.0
2007-12-05,21.30142593383789,1162700,0.0
2007-12-06,22.419702529907227,1597700,0.0
2007-12-07,21.571977615356445,1530400,0.0
2007-12-10,21.67117691040039,1582400,0.0
2007-12-11,20.78737449645996,1314300,0.0
2007-12-12,21.580995559692383,1678700,0.0
2007-12-13,21.932714462280273,1832700,0.0
2007-12-14,22.00485610961914,1697400,0.0
2007-12-17,22.00485610961914,1403400,0.0
2007-12-18,21.968782424926758,1878600,0.0
2007-12-19,21.635101318359375,1070900,0.0
2007-12-20,21.67117691040039,1569200,0.0
2007-12-21,21.977802276611328,1333700,0.0
2007-12-24,22.464792251586914,379400,0.0
2007-12-26,22.095041275024414,578500,0.0
2007-12-27,21.824493408203125,554000,0.0
2007-12-28,21.78841209411621,718700,0.0
2007-12-31,21.319459915161133,887300,0.0
2008-01-02,21.175167083740234,992600,0.0
2008-01-03,21.193204879760742,1304800,0.0
2008-01-04,20.54388427734375,1660000,0.0
2008-01-07,20.255287170410156,3865300,0.0
2008-01-08,20.291364669799805,3250000,0.0
2008-01-09,19.23621368408203,3357200,0.0
2008-01-10,19.714187622070312,2040500,0.0
2008-01-11,19.56087875366211,2952000,0.0
2008-01-14,19.389530181884766,1625300,0.0
2008-01-15,18.89352035522461,2366000,0.0
2008-01-16,19.362470626831055,2011500,0.0
2008-01-17,19.001733779907227,2232200,0.0
2008-01-18,18.26222801208496,2354600,0.0
2008-01-22,18.46965217590332,3183700,0.0
2008-01-23,18.695112228393555,2413100,0.0
2008-01-24,18.740201950073242,2191400,0.0
2008-01-25,18.487682342529297,1753000,0.0
2008-01-28,18.884492874145508,1480300,0.0
2008-01-29,19.1640682220459,1529500,0.0
2008-01-30,18.68609046936035,1065700,0.0
2008-01-31,18.848421096801758,1591700,0.0
2008-02-01,19.6149845123291,1278400,0.0
2008-02-04,18.938608169555664,1707800,0.0
2008-02-05,18.18106460571289,2598500,0.0
2008-02-06,18.325361251831055,2116500,0.0
2008-02-07,18.6500244140625,1318200,0.0
2008-02-08,18.244190216064453,1356700,0.0
2008-02-11,18.496706008911133,1496500,0.0
2008-02-12,18.9476261138916,1516300,0.0
2008-02-13,19.028789520263672,1285300,0.0
2008-02-14,18.47867202758789,1261500,0.0
2008-02-15,18.559837341308594,1324200,0.0
2008-02-19,18.5778751373291,1168900,0.0
2008-02-20,18.713144302368164,1448100,0.0
2008-02-21,18.442596435546875,1478200,0.0
2008-02-22,18.081859588623047,2415100,0.0
2008-02-25,18.767253875732422,2326400,0.0
2008-02-26,18.397506713867188,1734300,0.0
2008-02-27,18.226150512695312,1902300,0.0
2008-02-28,17.97364044189453,1803900,0.0
2008-02-29,17.324312210083008,1956300,0.0
2008-03-03,17.12590789794922,2199200,0.0
2008-03-04,17.234130859375,2222800,0.0
2008-03-05,16.918489456176758,2377400,0.0
2008-03-06,16.73811912536621,2703800,0.0
2008-03-07,16.512662887573242,2216300,0.0
2008-03-10,16.864376068115234,1789500,0.0
2008-03-11,17.360389709472656,1806600,0.0
2008-03-12,16.85536003112793,2409700,0.0
2008-03-13,16.41345977783203,3194400,0.0
2008-03-14,16.476585388183594,2648100,0.0
2008-03-17,16.18800163269043,2432400,0.0
2008-03-18,16.94554328918457,2059400,0.0
2008-03-19,17.026710510253906,2818500,0.0
2008-03-20,17.21609878540039,2230000,0.0
2008-03-24,17.36940574645996,1256200,0.0
2008-03-25,17.324312210083008,1331500,0.0
2008-03-26,16.30523681640625,3589600,0.0
2008-03-27,16.260147094726562,2493500,0.0
2008-03-28,15.926464080810547,1791500,0.0
2008-03-31,15.9354829788208,2058500,0.0
2008-04-01,17.24315071105957,2986000,0.0
2008-04-02,16.882417678833008,2827500,0.0
2008-04-03,17.78425407409668,5848600,0.0
2008-04-04,17.937564849853516,2588700,0.0
2008-04-07,17.486644744873047,1553200,0.0
2008-04-08,17.152971267700195,2202500,0.0
2008-04-09,16.278188705444336,2518600,0.0
2008-04-10,16.60284423828125,2390800,0.0
2008-04-11,16.350330352783203,1701400,0.0
2008-04-14,16.73811912536621,1603900,0.0
2008-04-15,16.629901885986328,1174600,0.0
2008-04-16,16.792232513427734,1660000,0.0
2008-04-17,16.711069107055664,1333400,0.0
2008-04-18,16.512662887573242,1565000,0.0
2008-04-21,16.557754516601562,1039300,0.0
2008-04-22,16.323272705078125,1275500,0.0
2008-04-23,16.11585235595703,1556800,0.0
2008-04-24,16.18800163269043,1402300,0.0
2008-04-25,16.39542007446289,1366800,0.0
2008-04-28,16.80124855041504,2284400,0.0
2008-04-29,16.891437530517578,1183500,0.0
2008-04-30,16.557754516601562,1406500,0.0
2008-05-01,16.756155014038086,1872900,0.0
2008-05-02,16.702045440673828,984000,0.0
2008-05-05,16.864376068115234,1178000,0.0
2008-05-06,16.99965476989746,1329300,0.0
2008-05-07,16.99965476989746,2784200,0.0
2008-05-08,16.774192810058594,1512300,0.0
2008-05-09,16.314252853393555,2012000,0.0
2008-05-12,16.972597122192383,1863100,0.0
2008-05-13,18.956645965576172,6211000,0.0
2008-05-14,18.60492515563965,3219300,0.0
2008-05-15,19.001733779907227,2170400,0.0
2008-05-16,18.866464614868164,1454800,0.0
2008-05-19,18.821367263793945,1690200,0.0
2008-05-20,18.785295486450195,2527100,0.0
2008-05-21,18.61394500732422,3369200,0.0
2008-05-22,18.938608169555664,2363100,0.0
2008-05-23,19.209156036376953,3478600,0.0
2008-05-27,19.389530181884766,2295600,0.0
2008-05-28,18.938608169555664,2690200,0.0
2008-05-29,19.05584716796875,2199700,0.0
2008-05-30,19.22719383239746,1812700,0.0
2008-06-02,18.812349319458008,1466000,0.0
2008-06-03,18.406526565551758,1993800,0.0
2008-06-04,18.370450973510742,1266600,0.0
2008-06-05,18.695112228393555,1499100,0.0
2008-06-06,18.54179573059082,1968000,0.0
2008-06-09,18.731178283691406,1346000,0.0
2008-06-10,19.06486701965332,2336000,0.0
2008-06-11,18.586885452270508,1715100,0.0
2008-06-12,18.38848304748535,1920800,0.0
2008-06-13,17.99167251586914,2984400,0.0
2008-06-16,18.036771774291992,1587300,0.0
2008-06-17,17.86541748046875,2455200,0.0
2008-06-18,17.676034927368164,2329300,0.0
2008-06-19,17.775238037109375,2581600,0.0
2008-06-20,17.856401443481445,2422100,0.0
2008-06-23,17.676034927368164,1529800,0.0
2008-06-24,17.703092575073242,1604500,0.0
2008-06-25,18.081859588623047,1203400,0.0
2008-06-26,17.838363647460938,2298600,0.0
2008-06-27,17.730140686035156,2831800,0.0
2008-06-30,17.910511016845703,2004800,0.0
2008-07-01,18.713144302368164,5755000,0.0
2008-07-02,19.037813186645508,3509600,0.0
2008-07-03,19.155046463012695,1900600,0.0
2008-07-07,18.83038330078125,3398100,0.0
2008-07-08,19.082897186279297,2639300,0.0
2008-07-09,19.34442901611328,3679200,0.0
2008-07-10,19.109952926635742,2549300,0.0
2008-07-11,18.767253875732422,3127400,0.0
2008-07-14,18.794315338134766,2804600,0.0
2008-07-15,19.14603042602539,2385100,0.0
2008-07-16,19.48872947692871,1997400,0.0
2008-07-17,19.73221778869629,2467400,0.0
2008-07-18,19.669092178344727,2072600,0.0
2008-07-21,19.407564163208008,1393500,0.0
2008-07-22,20.22823143005371,2184100,0.0
2008-07-23,20.724241256713867,2466900,0.0
2008-07-24,19.777320861816406,1682600,0.0
2008-07-25,19.81338882446289,1010800,0.0
2008-07-28,19.299341201782227,1642000,0.0
2008-07-29,19.425600051879883,1486100,0.0
2008-07-30,18.965665817260742,3478100,0.0
2008-07-31,19.407564163208008,1932000,0.0
2008-08-01,19.254255294799805,1402300,0.0
2008-08-04,19.118982315063477,1173300,0.0
2008-08-05,19.52480125427246,1117800,0.0
2008-08-06,19.840442657470703,2088800,0.0
2008-08-07,19.624004364013672,2195900,0.0
2008-08-08,20.345468521118164,1723200,0.0
2008-08-11,20.363508224487305,1134800,0.0
2008-08-12,20.092960357666016,2138500,0.0
2008-08-13,19.966705322265625,1797100,0.0
2008-08-14,19.723207473754883,2043000,0.0
2008-08-15,19.894561767578125,1303700,0.0
2008-08-18,19.362470626831055,1515800,0.0
2008-08-19,18.884492874145508,2762900,0.0
2008-08-20,19.019775390625,2039900,0.0
2008-08-21,19.14603042602539,1310200,0.0
2008-08-22,19.398542404174805,853400,0.0
2008-08-25,18.848421096801758,766400,0.0
2008-08-26,18.406526565551758,1277400,0.0
2008-08-27,18.965665817260742,2020100,0.0
2008-08-28,19.461673736572266,1441300,0.0
2008-08-29,19.037813186645508,1534100,0.0
2008-09-02,19.22719383239746,1235500,0.0
2008-09-03,19.34442901611328,1402600,0.0
2008-09-04,18.91155433654785,1932200,0.0
2008-09-05,19.317378997802734,1702800,0.0
2008-09-08,20.165111541748047,2471200,0.0
2008-09-09,20.471736907958984,3360300,0.0
2008-09-10,20.40860366821289,2726200,0.0
2008-09-11,20.363508224487305,1304300,0.0
2008-09-12,20.49879264831543,1111100,0.0
2008-09-15,20.255287170410156,2163500,0.0
2008-09-16,20.588972091674805,1950400,0.0
2008-09-17,19.200143814086914,3494100,0.0
2008-09-18,19.8314266204834,3281800,0.0
2008-09-19,20.029827117919922,2624200,0.0
2008-09-22,19.073881149291992,1206100,0.0
2008-09-23,18.92958641052246,1143700,0.0
2008-09-24,19.389530181884766,1478300,0.0
2008-09-25,19.81338882446289,950000,0.0
2008-09-26,19.939647674560547,1666300,0.0
2008-09-29,18.839399337768555,1875400,0.0
2008-09-30,19.353452682495117,2082200,0.0
2008-10-01,19.50676727294922,2122200,0.0
2008-10-02,17.793275833129883,3141800,0.0
2008-10-03,17.531742095947266,1726100,0.0
2008-10-06,16.774192810058594,2006900,0.0
2008-10-07,15.628859519958496,2972100,0.0
2008-10-08,15.367326736450195,2593500,0.0
2008-10-09,14.600765228271484,2190300,0.0
2008-10-10,13.888312339782715,3551200,0.0
2008-10-13,15.069721221923828,1975700,0.0
2008-10-14,14.456470489501953,2106700,0.0
2008-10-15,13.374263763427734,2690900,0.0
2008-10-16,13.139784812927246,3716800,0.0
2008-10-17,12.8872709274292,2232600,0.0
2008-10-20,13.19389533996582,1170500,0.0
2008-10-21,12.896289825439453,1756900,0.0
2008-10-22,12.012489318847656,1602700,0.0
2008-10-23,12.093652725219727,3180500,0.0
2008-10-24,11.47138500213623,3505200,0.0
2008-10-27,11.137704849243164,2105900,0.0
2008-10-28,11.904268264770508,2434400,0.0
2008-10-29,11.2549409866333,2894400,0.0
2008-10-30,11.480403900146484,2362700,0.0
2008-10-31,11.30905532836914,2870200,0.0
2008-11-03,11.489421844482422,2720700,0.0
2008-11-04,11.967395782470703,3066700,0.0
2008-11-05,11.453348159790039,2976800,0.0
2008-11-06,11.2549409866333,2177100,0.0
2008-11-07,11.408256530761719,2420100,0.0
2008-11-10,11.318072319030762,2250400,0.0
2008-11-11,10.840097427368164,2014700,0.0
2008-11-12,9.739853858947754,2877200,0.0
2008-11-13,10.416234016418457,5980500,0.0
2008-11-14,10.362120628356934,3979000,0.0
2008-11-17,10.199792861938477,1991400,0.0
2008-11-18,10.993408203125,4168900,0.0
2008-11-19,10.71384048461914,4886000,0.0
2008-11-20,10.831079483032227,5590100,0.0
2008-11-21,10.930283546447754,3455200,0.0
2008-11-24,10.95733642578125,3798400,0.0
2008-11-25,10.54249095916748,2694000,0.0
2008-11-26,10.993408203125,3145300,0.0
2008-11-28,11.50745964050293,1188800,0.0
2008-12-01,10.641695976257324,2304000,0.0
2008-12-02,10.97537612915039,1863900,0.0
2008-12-03,11.6246976852417,2623100,0.0
2008-12-04,11.714879989624023,2355600,0.0
2008-12-05,12.210891723632812,2780200,0.0
2008-12-08,12.625738143920898,2396400,0.0
2008-12-09,12.8511962890625,2788800,0.0
2008-12-10,13.491504669189453,2712900,0.0
2008-12-11,13.05862045288086,2693000,0.0
2008-12-12,13.103715896606445,2680600,0.0
2008-12-15,13.121748924255371,1913200,0.0
2008-12-16,13.969476699829102,2081700,0.0
2008-12-17,13.852237701416016,3326500,0.0
2008-12-18,14.03260612487793,2612100,0.0
2008-12-19,14.03260612487793,2357700,0.0
2008-12-22,13.716960906982422,1583800,0.0
2008-12-23,13.77107048034668,1030900,0.0
2008-12-24,14.068678855895996,458900,0.0
2008-12-26,13.969476699829102,641100,0.0
2008-12-29,13.789108276367188,910000,0.0
2008-12-30,14.059659004211426,1259800,0.0
2008-12-31,14.221993446350098,1313600,0.0
2009-01-02,14.835241317749023,1137900,0.0
2009-01-05,14.880332946777344,2365500,0.0
2009-01-06,15.21401596069336,2203100,0.0
2009-01-07,13.960456848144531,4219800,0.0
2009-01-08,13.572667121887207,3701200,0.0
2009-01-09,13.42837142944336,1579000,0.0
2009-01-12,13.653836250305176,3619500,0.0
2009-01-13,13.581686973571777,2267300,0.0
2009-01-14,13.437393188476562,3544100,0.0
2009-01-15,13.482486724853516,3175100,0.0
2009-01-16,13.716960906982422,2223600,0.0
2009-01-20,13.166841506958008,2923800,0.0
2009-01-21,13.1848783493042,2356200,0.0
2009-01-22,13.03156566619873,2869000,0.0
2009-01-23,12.580646514892578,3041100,0.0
2009-01-26,13.022543907165527,2207700,0.0
2009-01-27,13.275064468383789,1758500,0.0
2009-01-28,13.753035545349121,2465100,0.0
2009-01-29,13.61776351928711,2721000,0.0
2009-01-30,13.094696044921875,2764500,0.0
2009-02-02,12.652791023254395,2592900,0.0
2009-02-03,13.311137199401855,2494200,0.0
2009-02-04,13.220952033996582,2152700,0.0
2009-02-05,13.762054443359375,2687500,0.0
2009-02-06,14.158863067626953,1802700,0.0
2009-02-09,14.077698707580566,1527300,0.0
2009-02-10,13.581686973571777,2507300,0.0
2009-02-11,13.987513542175293,2386300,0.0
2009-02-12,13.897331237792969,1683200,0.0
2009-02-13,13.53659725189209,1992600,0.0
2009-02-17,12.833158493041992,2229500,0.0
2009-02-18,12.697885513305664,2231200,0.0
2009-02-19,12.55359172821045,1950400,0.0
2009-02-20,12.481444358825684,2765000,0.0
2009-02-23,12.057581901550293,1797000,0.0
2009-02-24,12.382241249084473,2589800,0.0
2009-02-25,12.535552024841309,3250400,0.0
2009-02-26,12.084636688232422,2640700,0.0
2009-02-27,11.76899242401123,3184200,0.0
2009-03-02,11.70586109161377,2649400,0.0
2009-03-03,11.633716583251953,2632000,0.0
2009-03-04,11.7780122756958,2532600,0.0
2009-03-05,11.191814422607422,4245000,0.0
2009-03-06,11.236906051635742,3638900,0.0
2009-03-09,11.5164794921875,3481100,0.0
2009-03-10,11.796046257019043,2267900,0.0
2009-03-11,11.543532371520996,3415000,0.0
2009-03-12,11.823100090026855,3013900,0.0
2009-03-13,11.76899242401123,2268500,0.0
2009-03-16,11.985431671142578,1901100,0.0
2009-03-17,12.021507263183594,1688400,0.0
2009-03-18,12.039545059204102,2854700,0.0
2009-03-19,11.814082145690918,2529100,0.0
2009-03-20,11.444328308105469,3021100,0.0
2009-03-23,11.814082145690918,3428600,0.0
2009-03-24,11.958377838134766,3003600,0.0
2009-03-25,11.318072319030762,5079300,0.0
2009-03-26,11.155738830566406,4314300,0.0
2009-03-27,10.867152214050293,3628500,0.0
2009-03-30,10.66874885559082,2717200,0.0
2009-03-31,10.731874465942383,2790000,0.0
2009-04-01,10.641695976257324,3869700,0.0
2009-04-02,10.984391212463379,5631500,0.0
2009-04-03,11.00242805480957,3457600,0.0
2009-04-06,10.686786651611328,3053500,0.0
2009-04-07,10.497401237487793,4559800,0.0
2009-04-08,9.965313911437988,6617300,0.0
2009-04-09,10.082555770874023,4305700,0.0
2009-04-13,9.956295013427734,3396800,0.0
2009-04-14,10.055500984191895,4369500,0.0
2009-04-15,10.271942138671875,2677600,0.0
2009-04-16,10.416234016418457,3091800,0.0
2009-04-17,10.515432357788086,2520300,0.0
2009-04-20,10.262920379638672,1340400,0.0
2009-04-21,10.344087600708008,2091500,0.0
2009-04-22,10.03746223449707,2170800,0.0
2009-04-23,10.028447151184082,1709100,0.0
2009-04-24,9.965313911437988,1935100,0.0
2009-04-27,9.893166542053223,1552700,0.0
2009-04-28,9.87513256072998,1731200,0.0
2009-04-29,10.127643585205078,3109300,0.0
2009-04-30,10.45230484008789,3109000,0.0
2009-05-01,10.470345497131348,2433000,0.0
2009-05-04,10.66874885559082,1903200,0.0
2009-05-05,10.894206047058105,3614200,0.0
2009-05-06,11.03850269317627,3744800,0.0
2009-05-07,10.97537612915039,2288700,0.0
2009-05-08,11.272979736328125,2324100,0.0
2009-05-11,11.047520637512207,1520200,0.0
2009-05-12,10.930283546447754,1531400,0.0
2009-05-13,10.497401237487793,2131500,0.0
2009-05-14,10.587583541870117,1566800,0.0
2009-05-15,10.731874465942383,1676800,0.0
2009-05-18,10.831079483032227,1386300,0.0
2009-05-19,11.110647201538086,1860200,0.0
2009-05-20,10.659729957580566,3012600,0.0
2009-05-21,10.226847648620605,3573000,0.0
2009-05-22,10.154699325561523,1685300,0.0
2009-05-26,10.389179229736328,2570400,0.0
2009-05-27,10.344087600708008,1849800,0.0
2009-05-28,10.298995971679688,2239200,0.0
2009-05-29,10.425251960754395,2581300,0.0
2009-06-01,10.867152214050293,3587600,0.0
2009-06-02,10.966357231140137,3414500,0.0
2009-06-03,10.785988807678223,2167300,0.0
2009-06-04,11.200833320617676,3402700,0.0
2009-06-05,11.011446952819824,3308600,0.0
2009-06-08,11.209851264953613,3192000,0.0
2009-06-09,11.236906051635742,2431300,0.0
2009-06-10,11.642731666564941,4194400,0.0
2009-06-11,12.039545059204102,5215600,0.0
2009-06-12,12.11169147491455,2293800,0.0
2009-06-15,11.732917785644531,2482200,0.0
2009-06-16,11.723902702331543,2374700,0.0
2009-06-17,11.579606056213379,2218300,0.0
2009-06-18,11.741935729980469,2146600,0.0
2009-06-19,11.70586109161377,2828000,0.0
2009-06-22,11.435310363769531,2047000,0.0
2009-06-23,11.336112022399902,2723600,0.0
2009-06-24,11.164761543273926,2592000,0.0
2009-06-25,11.272979736328125,2432300,0.0
2009-06-26,11.074576377868652,3825100,0.0
2009-06-29,11.263962745666504,2004500,0.0
2009-06-30,11.435310363769531,4111700,0.0
2009-07-01,12.274020195007324,6197500,0.0
2009-07-02,11.949358940124512,4219400,0.0
2009-07-06,12.373224258422852,3534400,0.0
2009-07-07,11.841137886047363,2931400,0.0
2009-07-08,11.60666275024414,2540800,0.0
2009-07-09,11.435310363769531,3192700,0.0
2009-07-10,11.227890014648438,2396000,0.0
2009-07-13,11.345129013061523,2288500,0.0
2009-07-14,11.417277336120605,2574000,0.0
2009-07-15,11.76899242401123,2997900,0.0
2009-07-16,11.669790267944336,1914500,0.0
2009-07-17,11.36316967010498,2721400,0.0
2009-07-20,11.579606056213379,2956000,0.0
2009-07-21,11.561566352844238,2218000,0.0
2009-07-22,11.687826156616211,2427800,0.0
2009-07-23,12.084636688232422,2342600,0.0
2009-07-24,12.066600799560547,1345700,0.0
2009-07-27,12.084636688232422,1264700,0.0
2009-07-28,12.084636688232422,1807000,0.0
2009-07-29,12.11169147491455,1797900,0.0
2009-07-30,12.346170425415039,1480500,0.0
2009-07-31,12.319109916687012,2420400,0.0
2009-08-03,12.463406562805176,2035200,0.0
2009-08-04,12.724942207336426,2140000,0.0
2009-08-05,12.688864707946777,1704400,0.0
2009-08-06,12.661813735961914,1629200,0.0
2009-08-07,12.670830726623535,1893800,0.0
2009-08-10,12.779050827026367,1420000,0.0
2009-08-11,12.562609672546387,1708300,0.0
2009-08-12,12.751997947692871,1630700,0.0
2009-08-13,12.93236255645752,2921400,0.0
2009-08-14,13.130769729614258,3309000,0.0
2009-08-17,12.986473083496094,2233300,0.0
2009-08-18,12.580646514892578,2937400,0.0
2009-08-19,12.51751708984375,2892900,0.0
2009-08-20,12.824142456054688,2215100,0.0
2009-08-21,13.365245819091797,2211100,0.0
2009-08-24,13.482486724853516,2237700,0.0
2009-08-25,13.527579307556152,2825100,0.0
2009-08-26,13.554631233215332,2209400,0.0
2009-08-27,13.35622787475586,1597300,0.0
2009-08-28,13.626776695251465,2021900,0.0
2009-08-31,13.338191032409668,1305300,0.0
2009-09-01,13.049599647521973,2033500,0.0
2009-09-02,13.238987922668457,1828900,0.0
2009-09-03,13.527579307556152,2871400,0.0
2009-09-04,13.753035545349121,2384900,0.0
2009-09-08,13.834202766418457,2667700,0.0
2009-09-09,13.61776351928711,3308700,0.0
2009-09-10,13.53659725189209,3810800,0.0
2009-09-11,13.464448928833008,1232200,0.0
2009-09-14,13.671871185302734,1744500,0.0
2009-09-15,13.725980758666992,2954600,0.0
2009-09-16,14.221993446350098,2633300,0.0
2009-09-17,14.059659004211426,1491800,0.0
2009-09-18,14.023587226867676,1460400,0.0
2009-09-21,13.897331237792969,1188200,0.0
2009-09-22,14.185920715332031,2366900,0.0
2009-09-23,14.167880058288574,1753400,0.0
2009-09-24,13.951440811157227,1740800,0.0
2009-09-25,13.798127174377441,2513300,0.0
2009-09-28,13.969476699829102,2099400,0.0
2009-09-29,13.843220710754395,3070500,0.0
2009-09-30,13.662851333618164,5714800,0.0
2009-10-01,14.402360916137695,11924700,0.0
2009-10-02,14.221993446350098,3359700,0.0
2009-10-05,14.312178611755371,2647000,0.0
2009-10-06,14.609780311584473,3015300,0.0
2009-10-07,14.483521461486816,3618300,0.0
2009-10-08,14.609780311584473,2736600,0.0
2009-10-09,14.808184623718262,2326300,0.0
2009-10-12,14.952481269836426,2002400,0.0
2009-10-13,15.069721221923828,2491400,0.0
2009-10-14,15.0426664352417,1841200,0.0
2009-10-15,15.259106636047363,1912600,0.0
2009-10-16,14.835241317749023,2802100,0.0
2009-10-19,15.105790138244629,1704400,0.0
2009-10-20,15.09677791595459,2124300,0.0
2009-10-21,14.817205429077148,2096900,0.0
2009-10-22,14.90738582611084,2335800,0.0
2009-10-23,14.654873847961426,1721800,0.0
2009-10-26,14.609780311584473,1509800,0.0
2009-10-27,14.699967384338379,1798900,0.0
2009-10-28,14.194937705993652,2393500,0.0
2009-10-29,14.609780311584473,1391200,0.0
2009-10-30,14.267082214355469,2399400,0.0
2009-11-02,14.104753494262695,2490800,0.0
2009-11-03,14.113770484924316,2166400,0.0
2009-11-04,14.104753494262695,2009000,0.0
2009-11-05,14.50156021118164,1491400,0.0
2009-11-06,14.492542266845703,2054900,0.0
2009-11-09,14.772109985351562,1360800,0.0
2009-11-10,14.808184623718262,1113500,0.0
2009-11-11,15.033648490905762,1861700,0.0
2009-11-12,14.889354705810547,2423800,0.0
2009-11-13,15.259106636047363,2161900,0.0
2009-11-16,15.448491096496582,2226900,0.0
2009-11-17,15.556714057922363,1610900,0.0
2009-11-18,15.538675308227539,1438300,0.0
2009-11-19,15.322235107421875,1159700,0.0
2009-11-20,15.412416458129883,2034500,0.0
2009-11-23,15.664937019348145,1264200,0.0
2009-11-24,15.646902084350586,1127600,0.0
2009-11-25,15.710028648376465,1011800,0.0
2009-11-27,15.322235107421875,838500,0.0
2009-11-30,15.43045711517334,1294000,0.0
2009-12-01,15.556714057922363,1501800,0.0
2009-12-02,15.123827934265137,5953800,0.0
2009-12-03,14.90738582611084,2312900,0.0
2009-12-04,15.09677791595459,1841900,0.0
2009-12-07,14.961501121520996,1742600,0.0
2009-12-08,14.582730293273926,2019000,0.0
2009-12-09,14.411377906799316,1621400,0.0
2009-12-10,14.258064270019531,2297100,0.0
2009-12-11,14.411377906799316,1559800,0.0
2009-12-14,14.50156021118164,1558100,0.0
2009-12-15,14.582730293273926,1045800,0.0
2009-12-16,13.626776695251465,6265500,0.0
2009-12-17,13.635797500610352,3185300,0.0
2009-12-18,13.843220710754395,4575700,0.0
2009-12-21,13.960456848144531,2195600,0.0
2009-12-22,14.194937705993652,1654600,0.0
2009-12-23,14.221993446350098,1009300,0.0
2009-12-24,14.357269287109375,349500,0.0
2009-12-28,14.474508285522461,730900,0.0
2009-12-29,14.402360916137695,888100,0.0
2009-12-30,14.420395851135254,626300,0.0
2009-12-31,14.366286277770996,843400,0.0
2010-01-04,14.537637710571289,1418700,0.0
2010-01-05,14.357269287109375,2431600,0.0
2010-01-06,14.54665470123291,2836900,0.0
2010-01-07,14.402360916137695,3870700,0.0
2010-01-08,14.122787475585938,2100300,0.0
2010-01-11,14.14984130859375,1536000,0.0
2010-01-12,14.113770484924316,1762900,0.0
2010-01-13,14.348247528076172,1518800,0.0
2010-01-14,14.727023124694824,2467000,0.0
2010-01-15,14.799166679382324,2384700,0.0
2010-01-19,15.168924331665039,2334600,0.0
2010-01-20,15.17794418334961,2655400,0.0
2010-01-21,15.141862869262695,2402300,0.0
2010-01-22,14.979535102844238,2110100,0.0
2010-01-25,14.979535102844238,1274300,0.0
2010-01-26,14.808184623718262,1001200,0.0
2010-01-27,14.736041069030762,1120600,0.0
2010-01-28,14.582730293273926,734700,0.0
2010-01-29,14.50156021118164,1461400,0.0
2010-02-01,14.63683795928955,991900,0.0
2010-02-02,14.78113079071045,829100,0.0
2010-02-03,14.708982467651367,685200,0.0
2010-02-04,13.933404922485352,1993900,0.0
2010-02-05,13.825182914733887,3211500,0.0
2010-02-08,13.464448928833008,2205700,0.0
2010-02-09,13.707945823669434,1509800,0.0
2010-02-10,13.644815444946289,1615800,0.0
2010-02-11,13.969476699829102,1351500,0.0
2010-02-12,13.852237701416016,1974200,0.0
2010-02-16,14.077698707580566,839500,0.0
2010-02-17,14.140826225280762,1360400,0.0
2010-02-18,14.059659004211426,1448000,0.0
2010-02-19,14.068678855895996,1589900,0.0
2010-02-22,14.005550384521484,958400,0.0
2010-02-23,13.725980758666992,2240000,0.0
2010-02-24,13.545613288879395,2710900,0.0
2010-02-25,13.374263763427734,4360100,0.0
2010-02-26,13.563650131225586,1611600,0.0
2010-03-01,13.762054443359375,1071100,0.0
2010-03-02,13.951440811157227,1365000,0.0
2010-03-03,13.915366172790527,1498400,0.0
2010-03-04,14.0416259765625,1096800,0.0
2010-03-05,14.258064270019531,1118700,0.0
2010-03-08,14.231009483337402,1596600,0.0
2010-03-09,14.258064270019531,1815500,0.0
2010-03-10,14.08671760559082,1849300,0.0
2010-03-11,14.276102066040039,1099400,0.0
2010-03-12,14.528620719909668,1627100,0.0
2010-03-15,14.54665470123291,1076600,0.0
2010-03-16,14.582730293273926,822600,0.0
2010-03-17,14.645856857299805,828400,0.0
2010-03-18,14.600765228271484,1519200,0.0
2010-03-19,14.429415702819824,1731400,0.0
2010-03-22,14.528620719909668,1286400,0.0
2010-03-23,14.763092994689941,1070200,0.0
2010-03-24,14.627821922302246,1045000,0.0
2010-03-25,14.59174633026123,1196500,0.0
2010-03-26,14.438433647155762,1117000,0.0
2010-03-29,14.708982467651367,987200,0.0
2010-03-30,14.808184623718262,957300,0.0
2010-03-31,14.82622241973877,1369700,0.0
2010-04-01,14.880332946777344,1212600,0.0
2010-04-05,15.033648490905762,823200,0.0
2010-04-06,15.33124828338623,1490000,0.0
2010-04-07,15.186960220336914,1657700,0.0
2010-04-08,15.195978164672852,2216200,0.0
2010-04-09,14.817205429077148,4917600,0.0
2010-04-12,15.466527938842773,3923200,0.0
2010-04-13,15.394380569458008,2339200,0.0
2010-04-14,15.565732955932617,2021700,0.0
2010-04-15,15.583765983581543,1765300,0.0
2010-04-16,15.34929084777832,2093000,0.0
2010-04-19,15.863340377807617,3283500,0.0
2010-04-20,16.4224796295166,4104700,0.0
2010-04-21,16.476585388183594,2681900,0.0
2010-04-22,16.512662887573242,2534500,0.0
2010-04-23,16.539718627929688,2101300,0.0
2010-04-26,16.60284423828125,2152200,0.0
2010-04-27,16.359352111816406,2286400,0.0
2010-04-28,16.404441833496094,1956600,0.0
2010-04-29,16.729106903076172,2295700,0.0
2010-04-30,16.476585388183594,2045300,0.0
2010-05-03,16.774192810058594,2147300,0.0
2010-05-04,16.512662887573242,2246300,0.0
2010-05-05,16.332298278808594,2293500,0.0
2010-05-06,15.95351791381836,3906100,0.0
2010-05-07,15.069721221923828,6050600,0.0
2010-05-10,15.701008796691895,4788100,0.0
2010-05-11,15.773151397705078,3575500,0.0
2010-05-12,16.332298278808594,2442600,0.0
2010-05-13,16.2691650390625,1786900,0.0
2010-05-14,16.052719116210938,3179700,0.0
2010-05-17,16.11585235595703,2564500,0.0
2010-05-18,16.007627487182617,1850800,0.0
2010-05-19,15.655919075012207,3080000,0.0
2010-05-20,14.817205429077148,3884800,0.0
2010-05-21,14.699967384338379,5574500,0.0
2010-05-24,14.727023124694824,3091700,0.0
2010-05-25,14.24905014038086,4569400,0.0
2010-05-26,14.50156021118164,3058300,0.0
2010-05-27,15.060702323913574,1801000,0.0
2010-05-28,15.02463150024414,1617700,0.0
2010-06-01,14.537637710571289,2317800,0.0
2010-06-02,14.808184623718262,2308500,0.0
2010-06-03,14.835241317749023,1834000,0.0
2010-06-04,14.303157806396484,3053500,0.0
2010-06-07,14.203954696655273,3832900,0.0
2010-06-08,14.429415702819824,3180700,0.0
2010-06-09,14.465489387512207,1903500,0.0
2010-06-10,14.808184623718262,2071100,0.0
2010-06-11,15.204998016357422,2009500,0.0
2010-06-14,15.277145385742188,1553700,0.0
2010-06-15,15.141862869262695,2510200,0.0
2010-06-16,15.006589889526367,2048700,0.0
2010-06-17,14.763092994689941,2525900,0.0
2010-06-18,14.699967384338379,2942300,0.0
2010-06-21,14.71800422668457,1557900,0.0
2010-06-22,14.63683795928955,1851600,0.0
2010-06-23,14.627821922302246,2492900,0.0
2010-06-24,14.483521461486816,1895200,0.0
2010-06-25,14.438433647155762,3773500,0.0
2010-06-28,14.384323120117188,2011200,0.0
2010-06-29,13.915366172790527,3072800,0.0
2010-06-30,14.08671760559082,4561700,0.0
2010-07-01,14.023587226867676,5307200,0.0
2010-07-02,13.879294395446777,2555400,0.0
2010-07-06,14.068678855895996,3170900,0.0
2010-07-07,14.465489387512207,2155800,0.0
2010-07-08,14.474508285522461,1970000,0.0
2010-07-09,14.492542266845703,1495300,0.0
2010-07-12,14.492542266845703,887500,0.0
2010-07-13,14.754077911376953,1450100,0.0
2010-07-14,14.763092994689941,963900,0.0
2010-07-15,14.853281021118164,1518000,0.0
2010-07-16,14.736041069030762,2399500,0.0
2010-07-19,14.898368835449219,2163300,0.0
2010-07-20,15.087759971618652,1495900,0.0
2010-07-21,14.90738582611084,1428800,0.0
2010-07-22,15.21401596069336,1208700,0.0
2010-07-23,15.385363578796387,1082100,0.0
2010-07-26,15.520641326904297,1617600,0.0
2010-07-27,15.610823631286621,1456200,0.0
2010-07-28,15.403397560119629,899100,0.0
2010-07-29,15.394380569458008,1093100,0.0
2010-07-30,15.385363578796387,1222300,0.0
2010-08-02,15.710028648376465,1078800,0.0
2010-08-03,15.61983871459961,775300,0.0
2010-08-04,15.827262878417969,1038100,0.0
2010-08-05,15.610823631286621,896100,0.0
2010-08-06,15.556714057922363,1054100,0.0
2010-08-09,15.664937019348145,846800,0.0
2010-08-10,15.655919075012207,748900,0.0
2010-08-11,15.241067886352539,914100,0.0
2010-08-12,15.25008773803711,1037400,0.0
2010-08-13,15.060702323913574,828900,0.0
2010-08-16,14.871318817138672,1141600,0.0
2010-08-17,15.21401596069336,813500,0.0
2010-08-18,15.195978164672852,772000,0.0
2010-08-19,15.0426664352417,1025900,0.0
2010-08-20,15.02463150024414,995500,0.0
2010-08-23,15.0426664352417,1003700,0.0
2010-08-24,14.979535102844238,1343400,0.0
2010-08-25,15.105790138244629,1685600,0.0
2010-08-26,15.0426664352417,1671800,0.0
2010-08-27,15.186960220336914,1031600,0.0
2010-08-30,14.92542839050293,841800,0.0
2010-08-31,15.02463150024414,2074300,0.0
2010-09-01,15.295181274414062,1270700,0.0
2010-09-02,15.556714057922363,2028300,0.0
2010-09-03,15.701008796691895,1316400,0.0
2010-09-07,15.47555160522461,1577500,0.0
2010-09-08,15.304200172424316,1385500,0.0
2010-09-09,15.376341819763184,1381800,0.0
2010-09-10,15.403397560119629,847300,0.0
2010-09-13,15.538675308227539,955800,0.0
2010-09-14,15.773151397705078,1126600,0.0
2010-09-15,15.962543487548828,1454800,0.0
2010-09-16,15.989598274230957,1333900,0.0
2010-09-17,16.197019577026367,4335000,0.0
2010-09-20,16.44952964782715,1530900,0.0
2010-09-21,16.368364334106445,1634700,0.0
2010-09-22,16.332298278808594,1139000,0.0
2010-09-23,16.079776763916016,1224400,0.0
2010-09-24,16.332298278808594,1747500,0.0
2010-09-27,16.206035614013672,1107500,0.0
2010-09-28,16.088796615600586,1673400,0.0
2010-09-29,16.025667190551758,1172300,0.0
2010-09-30,15.95351791381836,1142600,0.0
2010-10-01,16.025667190551758,1566200,0.0
2010-10-04,15.926464080810547,1540500,0.0
2010-10-05,16.016653060913086,1853400,0.0
2010-10-06,16.702045440673828,4606800,0.0
2010-10-07,16.828310012817383,2026700,0.0
2010-10-08,16.873394012451172,1423300,0.0
2010-10-11,17.234130859375,1673100,0.0
2010-10-12,17.14394760131836,1768600,0.0
2010-10-13,17.207080841064453,1713300,0.0
2010-10-14,17.152971267700195,1210400,0.0
2010-10-15,17.152971267700195,964100,0.0
2010-10-18,17.504676818847656,1987000,0.0
2010-10-19,17.19805908203125,2142900,0.0
2010-10-20,17.41449737548828,1220400,0.0
2010-10-21,17.432537078857422,1699800,0.0
2010-10-22,17.39646339416504,1002500,0.0
2010-10-25,17.585847854614258,2037000,0.0
2010-10-26,17.450571060180664,1729400,0.0
2010-10-27,17.09885597229004,1570900,0.0
2010-10-28,17.171005249023438,1411000,0.0
2010-10-29,17.793275833129883,4080600,0.0
2010-11-01,17.721118927001953,2218500,0.0
2010-11-02,17.603893280029297,1884900,0.0
2010-11-03,17.612903594970703,1333400,0.0
2010-11-04,17.99167251586914,2135500,0.0
2010-11-05,18.099905014038086,1908100,0.0
2010-11-08,18.072847366333008,1424700,0.0
2010-11-09,17.946582794189453,1520300,0.0
2010-11-10,17.937564849853516,1494100,0.0
2010-11-11,18.18106460571289,1328100,0.0
2010-11-12,17.9014892578125,2231300,0.0
2010-11-15,18.31633758544922,2008900,0.0
2010-11-16,17.721118927001953,2290200,0.0
2010-11-17,17.928550720214844,1999900,0.0
2010-11-18,18.740201950073242,2159600,0.0
2010-11-19,18.704126358032227,1413000,0.0
2010-11-22,18.722166061401367,1429700,0.0
2010-11-23,18.532777786254883,1144800,0.0
2010-11-24,18.9476261138916,950100,0.0
2010-11-26,18.695112228393555,440400,0.0
2010-11-29,18.695112228393555,1767400,0.0
2010-11-30,18.586885452270508,1626700,0.0
2010-12-01,19.010753631591797,1007600,0.0
2010-12-02,19.218177795410156,1631200,0.0
2010-12-03,19.660079956054688,2151200,0.0
2010-12-06,19.52480125427246,1572300,0.0
2010-12-07,19.389530181884766,1656000,0.0
2010-12-08,19.362470626831055,1594200,0.0
2010-12-09,19.443634033203125,993100,0.0
2010-12-10,19.353452682495117,1555500,0.0
2010-12-13,19.254255294799805,1235200,0.0
2010-12-14,19.416582107543945,2358900,0.0
2010-12-15,19.786333084106445,1580800,0.0
2010-12-16,20.14707374572754,1611400,0.0
2010-12-17,19.975725173950195,1426600,0.0
2010-12-20,19.768301010131836,2120500,0.0
2010-12-21,19.82240867614746,1525100,0.0
2010-12-22,19.82240867614746,1450000,0.0
2010-12-23,20.120014190673828,1172200,0.0
2010-12-27,20.2011775970459,890300,0.0
2010-12-28,20.011791229248047,709700,0.0
2010-12-29,20.002775192260742,967100,0.0
2010-12-30,19.786333084106445,856000,0.0
2010-12-31,19.975725173950195,825900,0.0
2011-01-03,19.48872947692871,2390100,0.0
2011-01-04,19.362470626831055,2154300,0.0
2011-01-05,19.461673736572266,2264100,0.0
2011-01-06,17.89247703552246,8192400,0.0
2011-01-07,17.57683753967285,4205300,0.0
2011-01-10,17.603893280029297,2403100,0.0
2011-01-11,17.34235191345215,2569600,0.0
2011-01-12,17.423513412475586,2945700,0.0
2011-01-13,17.450571060180664,1760900,0.0
2011-01-14,17.423513412475586,1481900,0.0
2011-01-18,17.46860694885254,1488300,0.0
2011-01-19,17.333330154418945,2086900,0.0
2011-01-20,17.26119041442871,1591500,0.0
2011-01-21,17.13493537902832,1402200,0.0
2011-01-24,17.26119041442871,1831900,0.0
2011-01-25,17.06277847290039,1646300,0.0
2011-01-26,17.360389709472656,1846700,0.0
2011-01-27,17.567813873291016,2355900,0.0
2011-01-28,17.26119041442871,2241900,0.0
2011-01-31,17.333330154418945,1670400,0.0
2011-02-01,17.522722244262695,1547000,0.0
2011-02-02,17.441556930541992,1216400,0.0
2011-02-03,17.757200241088867,1069100,0.0
2011-02-04,17.820323944091797,1459100,0.0
2011-02-07,18.009716033935547,1281600,0.0
2011-02-08,18.009716033935547,1162900,0.0
2011-02-09,18.00069236755371,1184200,0.0
2011-02-10,18.081859588623047,1851400,0.0
2011-02-11,18.144987106323242,1414300,0.0
2011-02-14,18.379470825195312,1666500,0.0
2011-02-15,18.379470825195312,1189400,0.0
2011-02-16,18.59590721130371,1134300,0.0
2011-02-17,18.992725372314453,1736900,0.0
2011-02-18,18.89352035522461,1518000,0.0
2011-02-22,18.163022994995117,2844000,0.0
2011-02-23,18.397506713867188,1709500,0.0
2011-02-24,18.135974884033203,1462900,0.0
2011-02-25,18.34339141845703,884200,0.0
2011-02-28,18.325361251831055,1338400,0.0
2011-03-01,17.89247703552246,1405000,0.0
2011-03-02,17.703092575073242,1580200,0.0
2011-03-03,18.02775001525879,2233400,0.0
2011-03-04,17.919530868530273,1090800,0.0
2011-03-07,17.748180389404297,1281100,0.0
2011-03-08,18.01873207092285,1290400,0.0
2011-03-09,18.099905014038086,1774100,0.0
2011-03-10,17.540761947631836,1522200,0.0
2011-03-11,17.4595947265625,2359300,0.0
2011-03-14,17.161983489990234,2012200,0.0
2011-03-15,16.774192810058594,3117800,0.0
2011-03-16,16.359352111816406,2303500,0.0
2011-03-17,16.476585388183594,1728700,0.0
2011-03-18,16.5667667388916,2799100,0.0
2011-03-21,16.702045440673828,2737700,0.0
2011-03-22,16.7832088470459,3738100,0.0
2011-03-23,17.071802139282227,2378100,0.0
2011-03-24,17.19805908203125,1560700,0.0
2011-03-25,17.513702392578125,1795300,0.0
2011-03-28,17.35137176513672,1398100,0.0
2011-03-29,17.405485153198242,1532400,0.0
2011-03-30,17.84738540649414,1407600,0.0
2011-03-31,18.28928565979004,2385000,0.0
2011-04-01,18.487682342529297,2917600,0.0
2011-04-04,18.59590721130371,1649100,0.0
2011-04-05,18.5778751373291,1917800,0.0
2011-04-06,18.379470825195312,2997800,0.0
2011-04-07,19.651058197021484,6948800,0.0
2011-04-08,19.416582107543945,3372600,0.0
2011-04-11,19.407564163208008,2418100,0.0
2011-04-12,19.479707717895508,1878700,0.0
2011-04-13,19.49774932861328,2443400,0.0
2011-04-14,19.696147918701172,1942800,0.0
2011-04-15,19.86750030517578,2464900,0.0
2011-04-18,19.903573989868164,2049500,0.0
2011-04-19,20.381547927856445,3312100,0.0
2011-04-20,20.2011775970459,2261500,0.0
2011-04-21,20.047868728637695,1575400,0.0
2011-04-25,19.993759155273438,1712400,0.0
2011-04-26,20.345468521118164,2100000,0.0
2011-04-27,20.552900314331055,1357400,0.0
2011-04-28,20.22823143005371,2150100,0.0
2011-04-29,20.192163467407227,2333300,0.0
2011-05-02,20.39056968688965,1680100,0.0
2011-05-03,20.597991943359375,2153500,0.0
2011-05-04,20.39056968688965,1620700,0.0
2011-05-05,20.120014190673828,1444300,0.0
2011-05-06,20.14707374572754,1663200,0.0
2011-05-09,20.13805389404297,1184700,0.0
2011-05-10,20.534860610961914,999300,0.0
2011-05-11,20.2011775970459,1247500,0.0
2011-05-12,20.71523094177246,2039500,0.0
2011-05-13,20.480751037597656,1583300,0.0
2011-05-16,20.318424224853516,1333100,0.0
2011-05-17,20.54388427734375,1681000,0.0
2011-05-18,20.480751037597656,1392600,0.0
2011-05-19,20.156089782714844,2540600,0.0
2011-05-20,19.705162048339844,1887600,0.0
2011-05-23,19.660079956054688,1252200,0.0
2011-05-24,19.587928771972656,1427600,0.0
2011-05-25,19.705162048339844,1933300,0.0
2011-05-26,19.389530181884766,1744700,0.0
2011-05-27,19.55185890197754,1347300,0.0
2011-05-31,19.804372787475586,2474700,0.0
2011-06-01,19.55185890197754,2212600,0.0
2011-06-02,19.155046463012695,1297800,0.0
2011-06-03,18.83038330078125,1789100,0.0
2011-06-06,18.821367263793945,1418800,0.0
2011-06-07,19.137012481689453,2081300,0.0
2011-06-08,19.091917037963867,1811800,0.0
2011-06-09,19.18210792541504,1626800,0.0
2011-06-10,18.938608169555664,1496000,0.0
2011-06-13,19.091917037963867,1433000,0.0
2011-06-14,19.461673736572266,2084500,0.0
2011-06-15,18.992725372314453,2327800,0.0
2011-06-16,19.037813186645508,2059100,0.0
2011-06-17,19.05584716796875,2368600,0.0
2011-06-20,19.118982315063477,1607900,0.0
2011-06-21,19.49774932861328,2247900,0.0
2011-06-22,19.416582107543945,1988500,0.0
2011-06-23,18.992725372314453,2225000,0.0
2011-06-24,18.77627944946289,1211700,0.0
2011-06-27,18.740201950073242,2050400,0.0
2011-06-28,18.758241653442383,2513400,0.0
2011-06-29,18.91155433654785,3234700,0.0
2011-06-30,18.77627944946289,2946900,0.0
2011-07-01,19.669092178344727,2945600,0.0
2011-07-05,19.669092178344727,2159800,0.0
2011-07-06,19.50676727294922,2031700,0.0
2011-07-07,19.624004364013672,2040300,0.0
2011-07-08,19.281307220458984,2224700,0.0
2011-07-11,18.785295486450195,1654300,0.0
2011-07-12,18.631980895996094,2510700,0.0
2011-07-13,18.67707633972168,2586800,0.0
2011-07-14,18.5778751373291,2354300,0.0
2011-07-15,18.713144302368164,1526600,0.0
2011-07-18,18.325361251831055,1918000,0.0
2011-07-19,18.884492874145508,1728500,0.0
2011-07-20,18.794315338134766,1266500,0.0
2011-07-21,19.37148666381836,1784600,0.0
2011-07-22,19.353452682495117,1508300,0.0
2011-07-25,19.118982315063477,1308300,0.0
2011-07-26,18.92958641052246,1132900,0.0
2011-07-27,18.496706008911133,2051700,0.0
2011-07-28,18.460634231567383,1616400,0.0
2011-07-29,18.38848304748535,1608800,0.0
2011-08-01,18.208118438720703,2003300,0.0
2011-08-02,17.630939483642578,2703800,0.0
2011-08-03,17.54977798461914,3190200,0.0
2011-08-04,16.368364334106445,4182100,0.0
2011-08-05,16.539718627929688,4661900,0.0
2011-08-08,14.997574806213379,5552000,0.0
2011-08-09,16.38640785217285,6264600,0.0
2011-08-10,15.899409294128418,5148100,0.0
2011-08-11,16.67499542236328,3692100,0.0
2011-08-12,17.0177001953125,2682600,0.0
2011-08-15,17.360389709472656,2110300,0.0
2011-08-16,17.432537078857422,2336500,0.0
2011-08-17,17.288244247436523,1951700,0.0
2011-08-18,17.13493537902832,3501000,0.0
2011-08-19,17.09885597229004,2749700,0.0
2011-08-22,17.25216293334961,2016100,0.0
2011-08-23,17.486644744873047,2356600,0.0
2011-08-24,17.405485153198242,1847600,0.0
2011-08-25,16.882417678833008,2102600,0.0
2011-08-26,17.189041137695312,1872300,0.0
2011-08-29,17.919530868530273,1108800,0.0
2011-08-30,17.793275833129883,2204500,0.0
2011-08-31,17.829345703125,1891700,0.0
2011-09-01,17.450571060180664,1863300,0.0
2011-09-02,17.26119041442871,1299100,0.0
2011-09-06,16.9365291595459,1955400,0.0
2011-09-07,17.37842559814453,1409200,0.0
2011-09-08,16.810264587402344,1807800,0.0
2011-09-09,16.5667667388916,1579100,0.0
2011-09-12,16.711069107055664,1587700,0.0
2011-09-13,16.792232513427734,1551100,0.0
2011-09-14,17.171005249023438,1420400,0.0
2011-09-15,17.29726219177246,1861800,0.0
2011-09-16,17.26119041442871,2823700,0.0
2011-09-19,16.95456314086914,1716000,0.0
2011-09-20,16.873394012451172,1740200,0.0
2011-09-21,16.2691650390625,1937600,0.0
2011-09-22,16.0437068939209,2722300,0.0
2011-09-23,15.890396118164062,2625900,0.0
2011-09-26,16.38640785217285,2115200,0.0
2011-09-27,16.48560905456543,2479000,0.0
2011-09-28,16.10683822631836,2805200,0.0
2011-09-29,16.584810256958008,2213800,0.0
2011-09-30,16.23309326171875,2865100,0.0
2011-10-03,15.818244934082031,2681300,0.0
2011-10-04,16.46756935119629,2700000,0.0
2011-10-05,16.882417678833008,2232600,0.0
2011-10-06,18.397506713867188,5772000,0.0
2011-10-07,18.370450973510742,3856000,0.0
2011-10-10,18.767253875732422,1821500,0.0
2011-10-11,18.59590721130371,1734800,0.0
2011-10-12,18.25320816040039,3203400,0.0
2011-10-13,18.30731964111328,2253000,0.0
2011-10-14,18.30731964111328,1683100,0.0
2011-10-17,17.99167251586914,2405900,0.0
2011-10-18,18.25320816040039,2514100,0.0
2011-10-19,18.135974884033203,1727800,0.0
2011-10-20,18.126955032348633,1829200,0.0
2011-10-21,18.172042846679688,1361200,0.0
2011-10-24,17.982656478881836,1980400,0.0
2011-10-25,17.84738540649414,1888900,0.0
2011-10-26,18.081859588623047,4381400,0.0
2011-10-27,18.550817489624023,2759800,0.0
2011-10-28,18.550817489624023,1613300,0.0
2011-10-31,18.23516845703125,2075700,0.0
2011-11-01,17.78425407409668,2334300,0.0
2011-11-02,17.721118927001953,3384600,0.0
2011-11-03,18.036771774291992,2095400,0.0
2011-11-04,17.982656478881836,1443800,0.0
2011-11-07,18.208118438720703,1543400,0.0
2011-11-08,18.433582305908203,2690000,0.0
2011-11-09,17.757200241088867,1792000,0.0
2011-11-10,17.78425407409668,1476500,0.0
2011-11-11,18.460634231567383,1351700,0.0
2011-11-14,18.361431121826172,1517500,0.0
2011-11-15,18.34339141845703,1283000,0.0
2011-11-16,17.84738540649414,1680800,0.0
2011-11-17,17.585847854614258,1794100,0.0
2011-11-18,17.450571060180664,1355300,0.0
2011-11-21,16.94554328918457,1830300,0.0
2011-11-22,16.54873275756836,1731900,0.0
2011-11-23,16.25112533569336,1483800,0.0
2011-11-25,16.215057373046875,781900,0.0
2011-11-28,16.60284423828125,1954000,0.0
2011-11-29,16.7200870513916,1824700,0.0
2011-11-30,17.55879020690918,2148400,0.0
2011-12-01,17.288244247436523,1687700,0.0
2011-12-02,17.19805908203125,1531400,0.0
2011-12-05,17.513702392578125,1452700,0.0
2011-12-06,17.477624893188477,1127500,0.0
2011-12-07,17.41449737548828,1637800,0.0
2011-12-08,17.41449737548828,2227500,0.0
2011-12-09,17.84738540649414,2330300,0.0
2011-12-12,17.630939483642578,1740500,0.0
2011-12-13,17.522722244262695,2100900,0.0
2011-12-14,17.4595947265625,1708600,0.0
2011-12-15,17.585847854614258,1795900,0.0
2011-12-16,17.612903594970703,2145800,0.0
2011-12-19,17.59486961364746,1156800,0.0
2011-12-20,17.612903594970703,2151200,0.0
2011-12-21,18.397506713867188,1735500,0.0
2011-12-22,18.5688533782959,1550700,0.0
2011-12-23,18.713144302368164,521500,0.0
2011-12-27,18.92958641052246,550400,0.0
2011-12-28,18.46965217590332,1065400,0.0
2011-12-29,18.6500244140625,572900,0.0
2011-12-30,18.641002655029297,610900,0.0
2012-01-03,18.695112228393555,1643500,0.0
2012-01-04,18.433582305908203,2571200,0.0
2012-01-05,17.793275833129883,3075000,0.0
2012-01-06,17.730140686035156,1898700,0.0
2012-01-09,18.045787811279297,1603200,0.0
2012-01-10,18.668058395385742,1825700,0.0
2012-01-11,18.92056655883789,1999900,0.0
2012-01-12,18.938608169555664,1235500,0.0
2012-01-13,18.668058395385742,1138000,0.0
2012-01-17,18.631980895996094,1223400,0.0
2012-01-18,18.731178283691406,1508600,0.0
2012-01-19,18.956645965576172,1181100,0.0
2012-01-20,18.965665817260742,926500,0.0
2012-01-23,19.010753631591797,915500,0.0
2012-01-24,18.884492874145508,1054400,0.0
2012-01-25,19.073881149291992,1097900,0.0
2012-01-26,18.866464614868164,1302000,0.0
2012-01-27,18.866464614868164,1328500,0.0
2012-01-30,18.740201950073242,858400,0.0
2012-01-31,18.848421096801758,2549100,0.0
2012-02-01,19.281307220458984,2434700,0.0
2012-02-02,19.55185890197754,2067600,0.0
2012-02-03,19.723207473754883,1414300,0.0
2012-02-06,19.678119659423828,1594000,0.0
2012-02-07,19.741241455078125,1016400,0.0
2012-02-08,19.50676727294922,1303000,0.0
2012-02-09,19.578916549682617,1310700,0.0
2012-02-10,19.34442901611328,969700,0.0
2012-02-13,19.47068977355957,1047900,0.0
2012-02-14,19.353452682495117,1424400,0.0
2012-02-15,19.362470626831055,1970600,0.0
2012-02-16,19.84946632385254,1643200,0.0
2012-02-17,20.03884506225586,1651100,0.0
2012-02-21,19.687129974365234,1696100,0.0
2012-02-22,19.705162048339844,1100700,0.0
2012-02-23,19.416582107543945,1505700,0.0
2012-02-24,19.452655792236328,1006300,0.0
2012-02-27,19.37148666381836,1628800,0.0
2012-02-28,19.5338191986084,1306700,0.0
2012-02-29,19.696147918701172,1994000,0.0
2012-03-01,20.300390243530273,2766300,0.0
2012-03-02,20.047868728637695,1078400,0.0
2012-03-05,20.029827117919922,1041900,0.0
2012-03-06,19.678119659423828,1155800,0.0
2012-03-07,19.687129974365234,954100,0.0
2012-03-08,20.029827117919922,768200,0.0
2012-03-09,20.14707374572754,851700,0.0
2012-03-12,20.354496002197266,981200,0.0
2012-03-13,20.588972091674805,1207100,0.0
2012-03-14,20.41762351989746,967700,0.0
2012-03-15,20.46271324157715,774600,0.0
2012-03-16,20.534860610961914,1318500,0.0
2012-03-19,20.489768981933594,791400,0.0
2012-03-20,20.345468521118164,1080900,0.0
2012-03-21,20.579952239990234,984300,0.0
2012-03-22,21.07596778869629,1977000,0.0
2012-03-23,21.220256805419922,1766000,0.0
2012-03-26,21.44571304321289,1306200,0.0
2012-03-27,21.436702728271484,1264000,0.0
2012-03-28,21.418663024902344,1132800,0.0
2012-03-29,21.30142593383789,1717200,0.0
2012-03-30,21.274368286132812,2317500,0.0
2012-04-02,21.599031448364258,2700200,0.0
2012-04-03,22.095041275024414,4658400,0.0
2012-04-04,22.266387939453125,5279100,0.0
2012-04-05,19.48872947692871,15637700,0.0
2012-04-09,19.43461799621582,4354600,0.0
2012-04-10,19.091917037963867,3813400,0.0
2012-04-11,19.127992630004883,2556900,0.0
2012-04-12,19.380508422851562,2059500,0.0
2012-04-13,19.47068977355957,1717000,0.0
2012-04-16,19.398542404174805,2183700,0.0
2012-04-17,19.479707717895508,3022100,0.0
2012-04-18,19.22719383239746,2602200,0.0
2012-04-19,19.028789520263672,3633400,0.0
2012-04-20,19.155046463012695,3815300,0.0
2012-04-23,19.14603042602539,2416900,0.0
2012-04-24,19.380508422851562,2079200,0.0
2012-04-25,19.624004364013672,1934600,0.0
2012-04-26,19.79535675048828,2852100,0.0
2012-04-27,19.633024215698242,3986300,0.0
2012-04-30,19.479707717895508,2499400,0.0
2012-05-01,19.578916549682617,2152600,0.0
2012-05-02,19.389530181884766,3322600,0.0
2012-05-03,19.47068977355957,2592400,0.0
2012-05-04,18.767253875732422,2687400,0.0
2012-05-07,18.695112228393555,2150300,0.0
2012-05-08,18.5688533782959,2179500,0.0
2012-05-09,18.28928565979004,2692500,0.0
2012-05-10,18.190082550048828,2040800,0.0
2012-05-11,17.99167251586914,3147400,0.0
2012-05-14,17.423513412475586,2672800,0.0
2012-05-15,17.189041137695312,4304100,0.0
2012-05-16,17.26119041442871,3146200,0.0
2012-05-17,16.99965476989746,2732700,0.0
2012-05-18,16.94554328918457,1888700,0.0
2012-05-21,17.14394760131836,1302400,0.0
2012-05-22,16.927509307861328,2302000,0.0
2012-05-23,17.13493537902832,1816300,0.0
2012-05-24,17.27020263671875,1437300,0.0
2012-05-25,17.441556930541992,1484900,0.0
2012-05-29,17.59486961364746,1143200,0.0
2012-05-30,17.4595947265625,1694500,0.0
2012-05-31,17.39646339416504,2405900,0.0
2012-06-01,16.918489456176758,1919300,0.0
2012-06-04,16.85536003112793,1227000,0.0
2012-06-05,17.24315071105957,1578000,0.0
2012-06-06,17.55879020690918,1888000,0.0
2012-06-07,17.234130859375,1737600,0.0
2012-06-08,17.27020263671875,1660900,0.0
2012-06-11,16.873394012451172,2213500,0.0
2012-06-12,17.14394760131836,1747800,0.0
2012-06-13,17.234130859375,1537300,0.0
2012-06-14,17.65799903869629,1651300,0.0
2012-06-15,17.730140686035156,1711600,0.0
2012-06-18,17.73916244506836,1205800,0.0
2012-06-19,17.937564849853516,1301100,0.0
2012-06-20,17.89247703552246,1206400,0.0
2012-06-21,17.585847854614258,1309000,0.0
2012-06-22,17.46860694885254,2077500,0.0
2012-06-25,19.714187622070312,16743000,0.0
2012-06-26,20.011791229248047,5914100,0.0
2012-06-27,19.6149845123291,5389200,0.0
2012-06-28,19.624004364013672,6283600,0.0
2012-06-29,24.403749465942383,14559000,0.0
2012-07-02,25.98196792602539,11361600,0.0
2012-07-03,25.476938247680664,4472500,0.0
2012-07-05,25.78355598449707,4666600,0.0
2012-07-06,25.666316986083984,2510800,0.0
2012-07-09,24.998960494995117,5010800,0.0
2012-07-10,24.953872680664062,3010400,0.0
2012-07-11,24.90877914428711,2007000,0.0
2012-07-12,25.91883659362793,4531500,0.0
2012-07-13,26.414844512939453,4271200,0.0
2012-07-16,26.261539459228516,2870600,0.0
2012-07-17,26.315650939941406,3804800,0.0
2012-07-18,26.468955993652344,2144600,0.0
2012-07-19,26.288585662841797,3083000,0.0
2012-07-20,25.648284912109375,4425100,0.0
2012-07-23,25.522031784057617,3037000,0.0
2012-07-24,25.657302856445312,2887200,0.0
2012-07-25,25.0350341796875,3480300,0.0
2012-07-26,25.89178466796875,1804200,0.0
2012-07-27,26.17135238647461,1609900,0.0
2012-07-30,25.837669372558594,1800200,0.0
2012-07-31,25.44086265563965,1914100,0.0
2012-08-01,26.20743179321289,2213100,0.0
2012-08-02,26.225465774536133,2533700,0.0
2012-08-03,26.983009338378906,3186300,0.0
2012-08-06,26.9739933013916,1653000,0.0
2012-08-07,26.757549285888672,1907100,0.0
2012-08-08,26.865768432617188,2130500,0.0
2012-08-09,26.919878005981445,1709600,0.0
2012-08-10,27.001041412353516,1212300,0.0
2012-08-13,26.829692840576172,1320000,0.0
2012-08-14,27.668405532836914,5263700,0.0
2012-08-15,28.543184280395508,5298200,0.0
2012-08-16,28.795700073242188,2957200,0.0
2012-08-17,29.30974769592285,2739900,0.0
2012-08-20,28.822755813598633,3608200,0.0
2012-08-21,29.03919792175293,2265300,0.0
2012-08-22,29.066251754760742,1623100,0.0
2012-08-23,29.111345291137695,1794600,0.0
2012-08-24,29.508155822753906,2021500,0.0
2012-08-27,29.26466178894043,1808700,0.0
2012-08-28,29.255643844604492,2242500,0.0
2012-08-29,29.625389099121094,2718100,0.0
2012-08-30,29.59833335876465,1878900,0.0
2012-08-31,29.706562042236328,2307200,0.0
2012-09-04,29.959070205688477,2726200,0.0
2012-09-05,29.90496253967285,2765100,0.0
2012-09-06,30.716617584228516,2241500,0.0
2012-09-07,30.346858978271484,1735500,0.0
2012-09-10,29.544219970703125,2761300,0.0
2012-09-11,29.58030128479004,2259100,0.0
2012-09-12,29.30072784423828,2458400,0.0
2012-09-13,29.544219970703125,3535800,0.0
2012-09-14,29.030179977416992,3053300,0.0
2012-09-17,29.706562042236328,2708600,0.0
2012-09-18,29.58030128479004,1448300,0.0
2012-09-19,29.90496253967285,1838000,0.0
2012-09-20,30.419002532958984,2732100,0.0
2012-09-21,29.995149612426758,2884900,0.0
2012-09-24,29.634410858154297,1769900,0.0
2012-09-25,29.012144088745117,2220000,0.0
2012-09-26,29.02115821838379,2027100,0.0
2012-09-27,29.399934768676758,1093100,0.0
2012-09-28,29.174474716186523,2369700,0.0
2012-10-01,29.46306610107422,2634600,0.0
2012-10-02,30.130416870117188,2585000,0.0
2012-10-03,30.933055877685547,5959100,0.0
2012-10-04,31.311838150024414,3752900,0.0
2012-10-05,32.64654541015625,4604500,0.0
2012-10-08,32.781822204589844,2259000,0.0
2012-10-09,31.365934371948242,6439400,0.0
2012-10-10,31.852928161621094,6646900,0.0
2012-10-11,31.744714736938477,3523700,0.0
2012-10-12,31.56435203552246,4271900,0.0
2012-10-15,32.069374084472656,2304800,0.0
2012-10-16,32.26778030395508,1763400,0.0
2012-10-17,33.29586410522461,3579200,0.0
2012-10-18,32.73672866821289,1971300,0.0
2012-10-19,32.15053939819336,1671300,0.0
2012-10-22,32.051334381103516,1482300,0.0
2012-10-23,31.807836532592773,1421600,0.0
2012-10-24,31.56435203552246,1181100,0.0
2012-10-25,32.29484176635742,1810300,0.0
2012-10-26,32.06034851074219,1650900,0.0
2012-10-31,31.8709659576416,1668300,0.0
2012-11-01,32.26778030395508,1848600,0.0
2012-11-02,32.29484176635742,1328700,0.0
2012-11-05,32.21367645263672,1331300,0.0
2012-11-06,32.79084014892578,1323800,0.0
2012-11-07,32.25876998901367,1302400,0.0
2012-11-08,31.438087463378906,1818500,0.0
2012-11-09,31.943115234375,1346800,0.0
2012-11-12,31.492202758789062,1815900,0.0
2012-11-13,30.924036026000977,2547600,0.0
2012-11-14,30.509197235107422,2003400,0.0
2012-11-15,30.265695571899414,1918100,0.0
2012-11-16,30.788761138916016,2403900,0.0
2012-11-19,31.221647262573242,1771100,0.0
2012-11-20,31.266733169555664,1029400,0.0
2012-11-21,31.014225006103516,944500,0.0
2012-11-23,31.663551330566406,382600,0.0
2012-11-26,31.02324867248535,1136100,0.0
2012-11-27,31.40201759338379,1828900,0.0
2012-11-28,31.889001846313477,934600,0.0
2012-11-29,32.24973678588867,1048800,0.0
2012-11-30,32.35796356201172,2474300,0.0
2012-12-03,32.403053283691406,1326600,0.0
2012-12-04,32.33993148803711,949300,0.0
2012-12-05,32.13250732421875,969500,0.0
2012-12-06,32.4661865234375,843600,0.0
2012-12-07,32.4661865234375,1009000,0.0
2012-12-10,32.240726470947266,2050700,0.0
2012-12-11,32.24973678588867,1029700,0.0
2012-12-12,32.13250732421875,1318200,0.0
2012-12-13,31.744714736938477,1207100,0.0
2012-12-14,31.83489990234375,1233000,0.0
2012-12-17,32.06034851074219,1081400,0.0
2012-12-18,32.23170471191406,1163000,0.0
2012-12-19,31.961137771606445,936600,0.0
2012-12-20,32.366981506347656,1599500,0.0
2012-12-21,31.744714736938477,2612000,0.0
2012-12-24,31.627471923828125,576600,0.0
2012-12-26,31.374956130981445,1066000,0.0
2012-12-27,31.42005729675293,1050400,0.0
2012-12-28,30.996187210083008,890400,0.0
2012-12-31,31.91606903076172,1589700,0.0
2013-01-02,33.8730583190918,2481500,0.0
2013-01-03,33.08845520019531,2584200,0.0
2013-01-04,33.14255905151367,1182900,0.0
2013-01-07,32.8359375,1889400,0.0
2013-01-08,32.520294189453125,4419500,0.0
2013-01-09,32.303855895996094,4685300,0.0
2013-01-10,32.17759323120117,3261500,0.0
2013-01-11,32.13250732421875,2838100,0.0
2013-01-14,31.861948013305664,5360700,0.0
2013-01-15,32.8359375,3536500,0.0
2013-01-16,34.85604476928711,6862700,0.0
2013-01-17,34.765872955322266,3023100,0.0
2013-01-18,34.93721389770508,1849000,0.0
2013-01-22,34.36004638671875,3081500,0.0
2013-01-23,34.170658111572266,2005800,0.0
2013-01-24,34.06243896484375,1734700,0.0
2013-01-25,34.72077941894531,2419000,0.0
2013-01-28,34.865074157714844,1443600,0.0
2013-01-29,35.55047607421875,2835300,0.0
2013-01-30,35.325008392333984,2702700,0.0
2013-01-31,29.18349266052246,38179200,0.0
2013-02-01,29.472082138061523,12075900,0.0
2013-02-04,28.453004837036133,6566500,0.0
2013-02-05,27.875831604003906,10272600,0.0
2013-02-06,28.290672302246094,5717100,0.0
2013-02-07,28.489084243774414,5234600,0.0
2013-02-08,28.72355842590332,4908500,0.0
2013-02-11,28.245574951171875,2966100,0.0
2013-02-12,28.398893356323242,3068000,0.0
2013-02-13,28.7506046295166,2996100,0.0
2013-02-14,39.45542526245117,50293100,0.0
2013-02-15,39.13076400756836,10441900,0.0
2013-02-19,39.03156280517578,5268700,0.0
2013-02-20,37.696842193603516,7536300,0.0
2013-02-21,38.74297332763672,10012600,0.0
2013-02-22,39.64481735229492,3032200,0.0
2013-02-25,39.653831481933594,5603100,0.0
2013-02-26,40.321197509765625,2286600,0.0
2013-02-27,40.26708221435547,2723700,0.0
2013-02-28,39.89732360839844,2554000,0.0
2013-03-01,39.53660202026367,2625100,0.0
2013-03-04,40.08671188354492,1725400,0.0
2013-03-05,39.80714797973633,2569900,0.0
2013-03-06,39.00450134277344,2900800,0.0
2013-03-07,39.725982666015625,2574300,0.0
2013-03-08,39.671871185302734,4453600,0.0
2013-03-11,39.20290756225586,2269900,0.0
2013-03-12,39.03156280517578,2402700,0.0
2013-03-13,39.58168411254883,1542600,0.0
2013-03-14,40.321197509765625,2231700,0.0
2013-03-15,41.25910186767578,4674700,0.0
2013-03-18,42.476593017578125,4071400,0.0
2013-03-19,42.5667839050293,2670900,0.0
2013-03-20,42.269168853759766,1879300,0.0
2013-03-21,41.719051361083984,1669200,0.0
2013-03-22,42.01665496826172,1380700,0.0
2013-03-25,42.197017669677734,1400300,0.0
2013-03-26,42.87340545654297,1244800,0.0
2013-03-27,42.75615692138672,809400,0.0
2013-03-28,42.963592529296875,1491500,0.0
2013-04-01,42.656959533691406,1017200,0.0
2013-04-02,44.000694274902344,2826200,0.0
2013-04-03,43.6038818359375,3605900,0.0
2013-04-04,43.51369857788086,2969500,0.0
2013-04-05,43.14395523071289,2980700,0.0
2013-04-08,43.80229568481445,3566900,0.0
2013-04-09,43.856407165527344,2619700,0.0
2013-04-10,43.98267364501953,4581900,0.0
2013-04-11,44.568851470947266,3179500,0.0
2013-04-12,44.361427307128906,2183600,0.0
2013-04-15,43.45057678222656,2857100,0.0
2013-04-16,43.387451171875,3015200,0.0
2013-04-17,42.74714660644531,2972800,0.0
2013-04-18,42.69302749633789,1597200,0.0
2013-04-19,43.757205963134766,6404600,0.0
2013-04-22,43.09885787963867,2166300,0.0
2013-04-23,44.09088134765625,3918500,0.0
2013-04-24,43.324317932128906,2000500,0.0
2013-04-25,43.712120056152344,1851700,0.0
2013-04-26,43.09885787963867,1221000,0.0
2013-04-29,43.06279754638672,1158400,0.0
2013-04-30,44.50572204589844,4171100,0.0
2013-05-01,44.39751434326172,2803600,0.0
2013-05-02,45.01074981689453,2455800,0.0
2013-05-03,45.281307220458984,2068800,0.0
2013-05-06,45.299346923828125,1320800,0.0
2013-05-07,45.227203369140625,1673700,0.0
2013-05-08,45.001731872558594,1642400,0.0
2013-05-09,44.00971221923828,2055600,0.0
2013-05-10,44.50572204589844,1785900,0.0
2013-05-13,44.514747619628906,791100,0.0
2013-05-14,45.20915222167969,1426300,0.0
2013-05-15,45.30835723876953,1052400,0.0
2013-05-16,46.679161071777344,4418200,0.0
2013-05-17,47.08498001098633,1833800,0.0
2013-05-20,46.39958953857422,1243900,0.0
2013-05-21,46.7963981628418,1960800,0.0
2013-05-22,46.44468307495117,2075000,0.0
2013-05-23,46.787376403808594,1500500,0.0
2013-05-24,47.79743576049805,2189000,0.0
2013-05-28,48.2213020324707,2323100,0.0
2013-05-29,48.29345703125,2620100,0.0
2013-05-30,49.0239372253418,2712600,0.0
2013-05-31,47.80644989013672,3360400,0.0
2013-06-03,48.16718673706055,2142300,0.0
2013-06-04,46.994808197021484,2862800,0.0
2013-06-05,46.85050582885742,3185200,0.0
2013-06-06,47.20222854614258,3234200,0.0
2013-06-07,48.104061126708984,2679600,0.0
2013-06-10,47.61707305908203,1377900,0.0
2013-06-11,47.03989028930664,1702100,0.0
2013-06-12,46.453697204589844,1771000,0.0
2013-06-13,46.90462112426758,1220900,0.0
2013-06-14,46.913639068603516,1018000,0.0
2013-06-17,47.21123123168945,1059000,0.0
2013-06-18,47.42768478393555,974100,0.0
2013-06-19,46.62504959106445,1007900,0.0
2013-06-20,45.43461990356445,2288400,0.0
2013-06-21,45.533817291259766,2048900,0.0
2013-06-24,45.3895263671875,1650600,0.0
2013-06-25,45.55186080932617,1194200,0.0
2013-06-26,46.34548568725586,1407200,0.0
2013-06-27,46.778358459472656,1032100,0.0
2013-06-28,47.00381851196289,3064700,0.0
2013-07-01,47.932708740234375,2817300,0.0
2013-07-02,46.21922302246094,8252600,0.0
2013-07-03,45.50678253173828,2662900,0.0
2013-07-05,45.62400817871094,1883200,0.0
2013-07-08,45.96669387817383,1687700,0.0
2013-07-09,46.22823715209961,1236900,0.0
2013-07-10,46.20118713378906,975000,0.0
2013-07-11,47.08498001098633,2143600,0.0
2013-07-12,47.175167083740234,767400,0.0
2013-07-15,47.121063232421875,1029300,0.0
2013-07-16,47.247310638427734,1705700,0.0
2013-07-17,46.751304626464844,2503200,0.0
2013-07-18,46.7963981628418,2158900,0.0
2013-07-19,46.913639068603516,2245200,0.0
2013-07-22,47.05794143676758,1297700,0.0
2013-07-23,46.44468307495117,1252700,0.0
2013-07-24,45.9035758972168,2251700,0.0
2013-07-25,45.0919189453125,3076200,0.0
2013-07-26,45.633026123046875,1503000,0.0
2013-07-29,46.09296798706055,1094400,0.0
2013-07-30,46.471736907958984,1424100,0.0
2013-07-31,46.97676467895508,1948100,0.0
2013-08-01,47.878597259521484,1598700,0.0
2013-08-02,48.17620849609375,982200,0.0
2013-08-05,48.71731185913086,1131100,0.0
2013-08-06,48.798465728759766,1601300,0.0
2013-08-07,48.6722297668457,1526700,0.0
2013-08-08,49.30350875854492,1108500,0.0
2013-08-09,48.93376159667969,1211200,0.0
2013-08-12,48.76240539550781,712900,0.0
2013-08-13,49.33958053588867,1260500,0.0
2013-08-14,49.087059020996094,1068500,0.0
2013-08-15,48.347572326660156,1303500,0.0
2013-08-16,48.64516067504883,1107500,0.0
2013-08-19,48.54595947265625,943300,0.0
2013-08-20,48.88865661621094,776900,0.0
2013-08-21,48.64516067504883,1429100,0.0
2013-08-22,49.7634391784668,1130800,0.0
2013-08-23,50.3766975402832,1824600,0.0
2013-08-26,50.2233772277832,1540100,0.0
2013-08-27,49.60112380981445,1061900,0.0
2013-08-28,49.231353759765625,1100600,0.0
2013-08-29,49.213321685791016,723000,0.0
2013-08-30,48.92473602294922,949900,0.0
2013-09-03,49.7634391784668,1885500,0.0
2013-09-04,50.511966705322266,2870900,0.0
2013-09-05,50.97190475463867,1977600,0.0
2013-09-06,52.018043518066406,3919800,0.0
2013-09-09,52.243507385253906,1278200,0.0
2013-09-10,52.52307891845703,1106100,0.0
2013-09-11,52.658355712890625,1221300,0.0
2013-09-12,52.34270477294922,1145000,0.0
2013-09-13,52.93791198730469,2550300,0.0
2013-09-16,53.04613494873047,1252500,0.0
2013-09-17,53.52410888671875,1904400,0.0
2013-09-18,53.81269454956055,1516800,0.0
2013-09-19,52.91986846923828,1342800,0.0
2013-09-20,51.621238708496094,3905200,0.0
2013-09-23,51.82865905761719,1425800,0.0
2013-09-24,51.76552963256836,1174000,0.0
2013-09-25,51.82865905761719,936000,0.0
2013-09-26,51.900794982910156,681300,0.0
2013-09-27,51.38676452636719,1044400,0.0
2013-09-30,51.76552963256836,1288500,0.0
2013-10-01,52.207427978515625,1536100,0.0
2013-10-02,52.54109573364258,1870900,0.0
2013-10-03,54.24558639526367,4622700,0.0
2013-10-04,55.88692092895508,4634600,0.0
2013-10-07,55.11134338378906,1684200,0.0
2013-10-08,53.96601867675781,2156700,0.0
2013-10-09,53.7946662902832,1440100,0.0
2013-10-10,54.9670524597168,1289900,0.0
2013-10-11,56.806800842285156,3482100,0.0
2013-10-14,56.97816848754883,1367600,0.0
2013-10-15,56.184532165527344,914000,0.0
2013-10-16,57.05931091308594,1125800,0.0
2013-10-17,57.61846160888672,1430800,0.0
2013-10-18,58.0152702331543,1319400,0.0
2013-10-21,58.09642791748047,934200,0.0
2013-10-22,58.09642791748047,1421400,0.0
2013-10-23,57.70863723754883,1167600,0.0
2013-10-24,57.58238983154297,2068100,0.0
2013-10-25,57.63648986816406,1347900,0.0
2013-10-28,58.6285285949707,1672600,0.0
2013-10-29,59.1966667175293,1470700,0.0
2013-10-30,58.33993148803711,1093800,0.0
2013-10-31,58.89004898071289,2167000,0.0
2013-11-01,59.16060256958008,1610400,0.0
2013-11-04,59.32293701171875,963700,0.0
2013-11-05,59.58447265625,1067200,0.0
2013-11-06,59.891090393066406,1207800,0.0
2013-11-07,59.205684661865234,1371000,0.0
2013-11-08,60.20671844482422,1428000,0.0
2013-11-11,60.152626037597656,605400,0.0
2013-11-12,60.459251403808594,1060100,0.0
2013-11-13,60.69371795654297,1233100,0.0
2013-11-14,61.388145446777344,1193400,0.0
2013-11-15,62.35310745239258,2760900,0.0
2013-11-18,62.43427276611328,1577400,0.0
2013-11-19,62.28096389770508,947700,0.0
2013-11-20,62.24488830566406,1141800,0.0
2013-11-21,62.542476654052734,705300,0.0
2013-11-22,63.45336151123047,862600,0.0
2013-11-25,62.36214065551758,1904700,0.0
2013-11-26,63.57060241699219,1668800,0.0
2013-11-27,64.02149200439453,636900,0.0
2013-11-29,63.49844741821289,280600,0.0
2013-12-02,63.77800369262695,720500,0.0
2013-12-03,64.2018814086914,848800,0.0
2013-12-04,64.28303527832031,1237700,0.0
2013-12-05,63.20082092285156,1513000,0.0
2013-12-06,63.71488952636719,1018100,0.0
2013-12-09,63.67881393432617,797100,0.0
2013-12-10,64.01251220703125,1397000,0.0
2013-12-11,63.20082092285156,1666600,0.0
2013-12-12,63.2098388671875,1107700,0.0
2013-12-13,62.515438079833984,1215600,0.0
2013-12-16,63.64274597167969,1153500,0.0
2013-12-17,63.282005310058594,720000,0.0
2013-12-18,63.020477294921875,2239800,0.0
2013-12-19,62.65974807739258,1386200,0.0
2013-12-20,62.85813903808594,1712800,0.0
2013-12-23,62.8491096496582,963500,0.0
2013-12-24,62.8671760559082,252100,0.0
2013-12-26,63.21885299682617,502600,0.0
2013-12-27,63.19181823730469,568800,0.0
2013-12-30,62.894203186035156,1278500,0.0
2013-12-31,63.47138595581055,907900,0.0
2014-01-02,62.443294525146484,1070500,0.0
2014-01-03,62.578575134277344,741700,0.0
2014-01-06,61.87514114379883,1401600,0.0
2014-01-07,63.0655517578125,1858400,0.0
2014-01-08,69.08985137939453,8367500,0.0
2014-01-09,69.84736633300781,2750100,0.0
2014-01-10,72.19218444824219,3211700,0.0
2014-01-13,72.2011947631836,2025400,0.0
2014-01-14,72.98577880859375,1534100,0.0
2014-01-15,72.84147644042969,1016000,0.0
2014-01-16,72.5709457397461,934100,0.0
2014-01-17,71.73222351074219,1580900,0.0
2014-01-21,71.56990814208984,1613900,0.0
2014-01-22,70.46966552734375,2113700,0.0
2014-01-23,69.65798950195312,2023100,0.0
2014-01-24,68.3593521118164,2093400,0.0
2014-01-27,68.33230590820312,1700400,0.0
2014-01-28,70.55081939697266,2251400,0.0
2014-01-29,70.18106079101562,1919100,0.0
2014-01-30,69.97364807128906,1449700,0.0
2014-01-31,69.14395904541016,1841500,0.0
2014-02-03,68.14290618896484,1597800,0.0
2014-02-04,68.97260284423828,1214600,0.0
2014-02-05,68.06175994873047,1454900,0.0
2014-02-06,69.97364807128906,1163300,0.0
2014-02-07,69.89248657226562,1239700,0.0
2014-02-10,69.50468444824219,1051300,0.0
2014-02-11,71.04684448242188,1322400,0.0
2014-02-12,71.2452392578125,1194200,0.0
2014-02-13,71.64204406738281,1562700,0.0
2014-02-14,71.57891845703125,1383900,0.0
2014-02-18,72.3003921508789,1242100,0.0
2014-02-19,72.16510009765625,1083500,0.0
2014-02-20,72.68817138671875,1016400,0.0
2014-02-21,72.46272277832031,1026300,0.0
2014-02-24,73.1210708618164,1070300,0.0
2014-02-25,74.0138931274414,1272300,0.0
2014-02-26,73.84253692626953,1283700,0.0
2014-02-27,73.400634765625,911800,0.0
2014-02-28,73.07597351074219,1252000,0.0
2014-03-03,73.18419647216797,1751500,0.0
2014-03-04,74.41069793701172,1221200,0.0
2014-03-05,74.60910034179688,2195600,0.0
2014-03-06,75.619140625,1102300,0.0
2014-03-07,75.67326354980469,975300,0.0
2014-03-10,75.70932006835938,1112000,0.0
2014-03-11,74.43773651123047,986900,0.0
2014-03-12,74.95178985595703,899300,0.0
2014-03-13,74.1942367553711,985000,0.0
2014-03-14,74.40167999267578,1301800,0.0
2014-03-17,73.82450103759766,1000900,0.0
2014-03-18,74.6451416015625,1217100,0.0
2014-03-19,73.66215515136719,1228800,0.0
2014-03-20,74.37460327148438,884400,0.0
2014-03-21,74.90667724609375,2451100,0.0
2014-03-24,73.2383041381836,1311700,0.0
2014-03-25,74.33854675292969,1160700,0.0
2014-03-26,74.2032699584961,959500,0.0
2014-03-27,74.0048599243164,1175600,0.0
2014-03-28,75.0419921875,970900,0.0
2014-03-31,76.62921905517578,1833700,0.0
2014-04-01,76.97191619873047,1603700,0.0
2014-04-02,76.56607055664062,1023000,0.0
2014-04-03,76.55705261230469,1197100,0.0
2014-04-04,76.05203247070312,1404600,0.0
2014-04-07,72.86853790283203,2121000,0.0
2014-04-08,73.48180389404297,2749700,0.0
2014-04-09,72.72425842285156,6799500,0.0
2014-04-10,72.24627685546875,2137800,0.0
2014-04-11,70.3704605102539,3041000,0.0
2014-04-14,70.34339141845703,1496900,0.0
2014-04-15,70.31634521484375,1651300,0.0
2014-04-16,71.92161560058594,1535000,0.0
2014-04-17,72.85050201416016,1788200,0.0
2014-04-21,73.05792236328125,1255300,0.0
2014-04-22,72.94969940185547,1260200,0.0
2014-04-23,72.37254333496094,817200,0.0
2014-04-24,71.66006469726562,974200,0.0
2014-04-25,71.28129577636719,1256700,0.0
2014-04-28,71.79534912109375,1084900,0.0
2014-04-29,71.92161560058594,1053800,0.0
2014-04-30,72.00276947021484,1317700,0.0
2014-05-01,73.28340148925781,1041900,0.0
2014-05-02,73.16615295410156,1153700,0.0
2014-05-05,73.78842163085938,923100,0.0
2014-05-06,72.7422866821289,1115800,0.0
2014-05-07,71.35345458984375,1437300,0.0
2014-05-08,71.48872375488281,1008700,0.0
2014-05-09,71.53385162353516,1165300,0.0
2014-05-12,72.26432800292969,962300,0.0
2014-05-13,72.91363525390625,633000,0.0
2014-05-14,72.02081298828125,761500,0.0
2014-05-15,72.02081298828125,1288400,0.0
2014-05-16,74.80748748779297,2264900,0.0
2014-05-19,74.55496215820312,1124600,0.0
2014-05-20,73.8335189819336,661900,0.0
2014-05-21,74.46479034423828,695600,0.0
2014-05-22,74.69927215576172,574500,0.0
2014-05-23,74.41069793701172,760300,0.0
2014-05-27,75.2584228515625,1189400,0.0
2014-05-28,74.98786163330078,1201100,0.0
2014-05-29,75.5560073852539,797400,0.0
2014-05-30,75.87167358398438,1045400,0.0
2014-06-02,75.7003173828125,831600,0.0
2014-06-03,75.74541473388672,797900,0.0
2014-06-04,75.74541473388672,602800,0.0
2014-06-05,75.321533203125,632800,0.0
2014-06-06,74.84356689453125,1291800,0.0
2014-06-09,74.5008773803711,1494000,0.0
2014-06-10,74.80748748779297,1398000,0.0
2014-06-11,75.19529724121094,933000,0.0
2014-06-12,74.66320037841797,866800,0.0
2014-06-13,74.47382354736328,603900,0.0
2014-06-16,75.20429992675781,1145600,0.0
2014-06-17,75.63717651367188,906400,0.0
2014-06-18,77.52203369140625,1538100,0.0
2014-06-19,78.03608703613281,1775200,0.0
2014-06-20,78.89282989501953,1893200,0.0
2014-06-23,79.45196533203125,1599600,0.0
2014-06-24,79.40687561035156,1322600,0.0
2014-06-25,79.85780334472656,1578600,0.0
2014-06-26,79.45196533203125,1388400,0.0
2014-06-27,79.34374237060547,971700,0.0
2014-06-30,79.47901153564453,1651000,0.0
2014-07-01,79.70449829101562,1970600,0.0
2014-07-02,81.57127380371094,5699700,0.0
2014-07-03,82.20256805419922,1998500,0.0
2014-07-07,81.84184265136719,1363300,0.0
2014-07-08,81.408935546875,1539600,0.0
2014-07-09,81.27369689941406,1183500,0.0
2014-07-10,81.09330749511719,1391700,0.0
2014-07-11,80.68748474121094,856400,0.0
2014-07-14,81.07527160644531,891700,0.0
2014-07-15,79.91189575195312,1456100,0.0
2014-07-16,78.6763687133789,2676400,0.0
2014-07-17,77.74749755859375,999200,0.0
2014-07-18,78.9739990234375,943800,0.0
2014-07-21,78.62226867675781,704300,0.0
2014-07-22,78.9739990234375,664200,0.0
2014-07-23,78.57716369628906,700100,0.0
2014-07-24,78.68541717529297,948800,0.0
2014-07-25,78.06312561035156,625100,0.0
2014-07-28,77.62124633789062,858900,0.0
2014-07-29,77.6843490600586,842100,0.0
2014-07-30,76.33158874511719,1206800,0.0
2014-07-31,75.08708953857422,1472600,0.0
2014-08-01,75.38467407226562,1262100,0.0
2014-08-04,75.6462173461914,1069500,0.0
2014-08-05,75.02392578125,741300,0.0
2014-08-06,75.69129180908203,1060900,0.0
2014-08-07,75.13216400146484,589400,0.0
2014-08-08,76.10614013671875,578500,0.0
2014-08-11,76.70134735107422,833200,0.0
2014-08-12,77.31462860107422,899900,0.0
2014-08-13,77.44988250732422,793100,0.0
2014-08-14,77.1703109741211,507000,0.0
2014-08-15,78.88384246826172,1114100,0.0
2014-08-18,78.4599380493164,782100,0.0
2014-08-19,79.31668853759766,743400,0.0
2014-08-20,79.02810668945312,532300,0.0
2014-08-21,78.87479400634766,502200,0.0
2014-08-22,78.66736602783203,495600,0.0
2014-08-25,78.6763687133789,1059600,0.0
2014-08-26,78.66736602783203,504500,0.0
2014-08-27,78.7214584350586,420600,0.0
2014-08-28,78.53209686279297,441500,0.0
2014-08-29,78.54109191894531,531500,0.0
2014-09-02,79.18142700195312,1072600,0.0
2014-09-03,78.32465362548828,1109700,0.0
2014-09-04,78.5230712890625,1035400,0.0
2014-09-05,78.35171508789062,876600,0.0
2014-09-08,77.92784881591797,873000,0.0
2014-09-09,76.80057525634766,1098400,0.0
2014-09-10,77.72946166992188,592700,0.0
2014-09-11,77.92784881591797,748700,0.0
2014-09-12,77.46790313720703,447200,0.0
2014-09-15,78.41484832763672,1141300,0.0
2014-09-16,78.586181640625,1357400,0.0
2014-09-17,78.59523010253906,719900,0.0
2014-09-18,79.16336822509766,458600,0.0
2014-09-19,79.34374237060547,1037200,0.0
2014-09-22,78.82064819335938,670400,0.0
2014-09-23,77.92784881591797,790800,0.0
2014-09-24,79.3257064819336,1284000,0.0
2014-09-25,78.24351501464844,853200,0.0
2014-09-26,78.00900268554688,1358800,0.0
2014-09-29,77.8737564086914,1044600,0.0
2014-09-30,78.60423278808594,1232300,0.0
2014-10-01,76.89073181152344,2693900,0.0
2014-10-02,76.11515808105469,5602300,0.0
2014-10-03,78.37876892089844,2147300,0.0
2014-10-06,77.90078735351562,1821600,0.0
2014-10-07,76.67430114746094,1201800,0.0
2014-10-08,79.09123992919922,2176700,0.0
2014-10-09,77.90078735351562,2745300,0.0
2014-10-10,77.40480041503906,2155700,0.0
2014-10-13,75.97090148925781,1204500,0.0
2014-10-14,76.0791015625,1037300,0.0
2014-10-15,74.8976821899414,2328300,0.0
2014-10-16,74.02288818359375,1972600,0.0
2014-10-17,75.79952239990234,1475800,0.0
2014-10-20,76.71939849853516,1149100,0.0
2014-10-21,78.15332794189453,1304400,0.0
2014-10-22,78.37876892089844,1000100,0.0
2014-10-23,78.64031982421875,1055900,0.0
2014-10-24,79.61429595947266,936600,0.0
2014-10-27,79.6233139038086,1133100,0.0
2014-10-28,81.03018188476562,1321800,0.0
2014-10-29,80.41693115234375,1239200,0.0
2014-10-30,80.63337707519531,596100,0.0
2014-10-31,82.55429077148438,1225900,0.0
2014-11-03,82.91504669189453,1042500,0.0
2014-11-04,83.28478240966797,984200,0.0
2014-11-05,83.51025390625,727900,0.0
2014-11-06,84.34894561767578,778300,0.0
2014-11-07,84.37599182128906,868500,0.0
2014-11-10,84.65558624267578,725000,0.0
2014-11-11,84.62852478027344,693500,0.0
2014-11-12,84.79086303710938,1456100,0.0
2014-11-13,84.20466613769531,950400,0.0
2014-11-14,83.76276397705078,822700,0.0
2014-11-17,85.0073013305664,623400,0.0
2014-11-18,84.57440185546875,904200,0.0
2014-11-19,85.04337310791016,734100,0.0
2014-11-20,84.66461181640625,702400,0.0
2014-11-21,84.55638885498047,1252500,0.0
2014-11-24,84.9802474975586,893500,0.0
2014-11-25,84.89005279541016,1149100,0.0
2014-11-26,85.45820617675781,680800,0.0
2014-11-28,86.93721771240234,456100,0.0
2014-12-01,85.4311752319336,923600,0.0
2014-12-02,85.24180603027344,847000,0.0
2014-12-03,84.5293197631836,972800,0.0
2014-12-04,84.93515014648438,655700,0.0
2014-12-05,85.75582122802734,708000,0.0
2014-12-08,85.39510345458984,730900,0.0
2014-12-09,84.27678680419922,997900,0.0
2014-12-10,83.38396453857422,969200,0.0
2014-12-11,83.38396453857422,683800,0.0
2014-12-12,81.868896484375,882300,0.0
2014-12-15,81.50814819335938,1127400,0.0
2014-12-16,80.89488983154297,1008800,0.0
2014-12-17,84.0152359008789,1568800,0.0
2014-12-18,86.04440307617188,1221300,0.0
2014-12-19,85.49429321289062,1633400,0.0
2014-12-22,87.3881607055664,1001300,0.0
2014-12-23,89.40824127197266,1774700,0.0
2014-12-24,90.26500701904297,746200,0.0
2014-12-26,90.1297378540039,662700,0.0
2014-12-29,89.48041534423828,878500,0.0
2014-12-30,89.13770294189453,909000,0.0
2014-12-31,88.53347778320312,1041600,0.0
2015-01-02,87.92924499511719,1991700,0.0
2015-01-05,90.02149963378906,2422300,0.0
2015-01-06,90.59869384765625,3278800,0.0
2015-01-07,92.9344482421875,2156500,0.0
2015-01-08,97.07389831542969,3613700,0.0
2015-01-09,96.80333709716797,1559700,0.0
2015-01-12,96.46967315673828,1249900,0.0
2015-01-13,95.86541748046875,1623300,0.0
2015-01-14,97.7863540649414,2006700,0.0
2015-01-15,97.5608901977539,1056000,0.0
2015-01-16,100.64517211914062,2052200,0.0
2015-01-20,100.10408020019531,1289300,0.0
2015-01-21,99.68018341064453,2221200,0.0
2015-01-22,100.46480560302734,2453900,0.0
2015-01-23,99.75234985351562,858200,0.0
2015-01-26,100.7533950805664,921500,0.0
2015-01-27,100.36558532714844,707000,0.0
2015-01-28,99.46376037597656,772900,0.0
2015-01-29,100.80750274658203,1170100,0.0
2015-01-30,99.60806274414062,1058200,0.0
2015-02-02,100.37462615966797,844600,0.0
2015-02-03,100.39263916015625,1039300,0.0
2015-02-04,101.06000518798828,1355600,0.0
2015-02-05,101.60111999511719,810800,0.0
2015-02-06,101.82658386230469,1124900,0.0
2015-02-09,100.87963104248047,946800,0.0
2015-02-10,102.26849365234375,870100,0.0
2015-02-11,102.3857192993164,826300,0.0
2015-02-12,102.3676986694336,966500,0.0
2015-02-13,101.93479919433594,683000,0.0
2015-02-17,102.92681884765625,731500,0.0
2015-02-18,103.42283630371094,640500,0.0
2015-02-19,103.51300811767578,583200,0.0
2015-02-20,104.38780975341797,1010600,0.0
2015-02-23,103.66633605957031,860400,0.0
2015-02-24,104.35172271728516,1150500,0.0
2015-02-25,102.93583679199219,1154500,0.0
2015-02-26,104.41485595703125,614900,0.0
2015-02-27,103.45890045166016,718500,0.0
2015-03-02,104.59522247314453,667500,0.0
2015-03-03,103.8466796875,740100,0.0
2015-03-04,103.19737243652344,512600,0.0
2015-03-05,102.64724731445312,571800,0.0
2015-03-06,100.0229263305664,1154100,0.0
2015-03-09,103.91883087158203,1607500,0.0
2015-03-10,103.31462097167969,1146400,0.0
2015-03-11,104.26154327392578,1043900,0.0
2015-03-12,106.40790557861328,1285700,0.0
2015-03-13,105.01006317138672,917200,0.0
2015-03-16,105.85779571533203,1271200,0.0
2015-03-17,104.15331268310547,773800,0.0
2015-03-18,105.7315444946289,1391200,0.0
2015-03-19,104.64934539794922,622700,0.0
2015-03-20,106.64239501953125,1531800,0.0
2015-03-23,105.51509094238281,691100,0.0
2015-03-24,106.29969024658203,912900,0.0
2015-03-25,104.07213592529297,1003400,0.0
2015-03-26,103.54007720947266,631000,0.0
2015-03-27,103.24247741699219,1009700,0.0
2015-03-30,105.45196533203125,991500,0.0
2015-03-31,104.80265045166016,1161500,0.0
2015-04-01,104.81166076660156,1333500,0.0
2015-04-02,106.19145965576172,967100,0.0
2015-04-06,107.66145324707031,1434800,0.0
2015-04-07,106.66043090820312,907800,0.0
2015-04-08,107.47208404541016,1482700,0.0
2015-04-09,108.27474212646484,1953600,0.0
2015-04-10,109.75373077392578,1465100,0.0
2015-04-13,108.1484375,957500,0.0
2015-04-14,106.43495178222656,1072300,0.0
2015-04-15,105.98406219482422,715900,0.0
2015-04-16,105.83973693847656,639600,0.0
2015-04-17,104.59522247314453,679000,0.0
2015-04-20,105.02811431884766,538100,0.0
2015-04-21,105.77662658691406,1016600,0.0
2015-04-22,104.60424041748047,967700,0.0
2015-04-23,104.61325073242188,843800,0.0
2015-04-24,104.28857421875,685100,0.0
2015-04-27,104.93793487548828,820700,0.0
2015-04-28,105.62334442138672,812100,0.0
2015-04-29,104.84774017333984,850800,0.0
2015-04-30,104.55915069580078,1314900,0.0
2015-05-01,105.68646240234375,1142400,0.0
2015-05-04,105.80369567871094,990200,0.0
2015-05-05,104.64934539794922,1314400,0.0
2015-05-06,104.06156158447266,813200,0.31
2015-05-07,104.26953887939453,1285800,0.0
2015-05-08,105.18285369873047,853300,0.0
2015-05-11,105.99667358398438,1241700,0.0
2015-05-12,104.6041030883789,1029800,0.0
2015-05-13,104.54080200195312,771100,0.0
2015-05-14,106.25892639160156,1037800,0.0
2015-05-15,107.10890197753906,801600,0.0
2015-05-18,107.61528015136719,719100,0.0
2015-05-19,108.06739807128906,944500,0.0
2015-05-20,108.07646179199219,647100,0.0
2015-05-21,107.61528015136719,596000,0.0
2015-05-22,106.95518493652344,551400,0.0
2015-05-26,106.24080657958984,819600,0.0
2015-05-27,106.91901397705078,498600,0.0
2015-05-28,107.63336944580078,502300,0.0
2015-05-29,106.6025161743164,776300,0.0
2015-06-01,108.36579895019531,836800,0.0
2015-06-02,108.52857208251953,658100,0.0
2015-06-03,109.76741027832031,828300,0.0
2015-06-04,108.10357666015625,710400,0.0
2015-06-05,107.48869323730469,704400,0.0
2015-06-08,108.41101837158203,943400,0.0
2015-06-09,108.79081726074219,691500,0.0
2015-06-10,110.0929183959961,790800,0.0
2015-06-11,109.44188690185547,681000,0.0
2015-06-12,108.98069763183594,544600,0.0
2015-06-15,105.82485961914062,2333500,0.0
2015-06-16,106.47590637207031,1133100,0.0
2015-06-17,107.67855834960938,1212600,0.0
2015-06-18,108.75464630126953,1247200,0.0
2015-06-19,108.05838012695312,1260800,0.0
2015-06-22,108.11263275146484,1040300,0.0
2015-06-23,107.98603057861328,964700,0.0
2015-06-24,106.46685791015625,1084700,0.0
2015-06-25,106.40357971191406,1149400,0.0
2015-06-26,106.15943145751953,1437500,0.0
2015-06-29,104.53176879882812,873500,0.0
2015-06-30,104.91154479980469,1320100,0.0
2015-07-01,104.89347839355469,2579200,0.0
2015-07-02,105.87913513183594,1635300,0.0
2015-07-06,105.0924301147461,1484300,0.0
2015-07-07,106.24986267089844,1180000,0.0
2015-07-08,104.78495788574219,914900,0.0
2015-07-09,104.47750854492188,813400,0.0
2015-07-10,104.92965698242188,630200,0.0
2015-07-13,105.8338851928711,692400,0.0
2015-07-14,106.3855209350586,960500,0.0
2015-07-15,105.2913589477539,840300,0.0
2015-07-16,106.2860336303711,762200,0.0
2015-07-17,106.50304412841797,726300,0.0
2015-07-20,106.62964630126953,481300,0.0
2015-07-21,105.78870391845703,477300,0.0
2015-07-22,107.94082641601562,1051600,0.0
2015-07-23,106.30412292480469,642300,0.0
2015-07-24,105.28230285644531,668000,0.0
2015-07-27,106.10516357421875,998000,0.0
2015-07-28,106.46685791015625,752400,0.0
2015-07-29,107.27169036865234,692200,0.0
2015-07-30,107.60624694824219,753700,0.0
2015-07-31,108.52857208251953,1389300,0.0
2015-08-03,109.44188690185547,1233300,0.0
2015-08-04,109.63177490234375,989400,0.0
2015-08-05,111.53974914550781,837800,0.0
2015-08-06,112.290283203125,1254900,0.0
2015-08-07,111.98207092285156,865300,0.31
2015-08-10,112.3990249633789,971800,0.0
2015-08-11,113.37808227539062,958600,0.0
2015-08-12,113.541259765625,1473000,0.0
2015-08-13,115.6081314086914,1891300,0.0
2015-08-14,116.04324340820312,1162000,0.0
2015-08-17,116.49651336669922,963400,0.0
2015-08-18,117.57527160644531,1351500,0.0
2015-08-19,117.60247039794922,1198500,0.0
2015-08-20,116.64156341552734,1342100,0.0
2015-08-21,111.60132598876953,1955100,0.0
2015-08-24,108.12935638427734,3020400,0.0
2015-08-25,108.79113006591797,1635800,0.0
2015-08-26,113.20584869384766,3342000,0.0
2015-08-27,115.1639404296875,1718300,0.0
2015-08-28,115.97979736328125,1213300,0.0
2015-08-31,116.03419494628906,1584500,0.0
2015-09-01,115.78036499023438,2724800,0.0
2015-09-02,116.94071197509766,1609200,0.0
2015-09-03,116.94071197509766,1371900,0.0
2015-09-04,115.59906005859375,1446800,0.0
2015-09-08,117.08576965332031,1314500,0.0
2015-09-09,114.13959503173828,1507800,0.0
2015-09-10,115.49935150146484,883300,0.0
2015-09-11,115.49935150146484,1264000,0.0
2015-09-14,115.94354248046875,778400,0.0
2015-09-15,116.52373504638672,1223600,0.0
2015-09-16,118.89879608154297,2018200,0.0
2015-09-17,118.21891784667969,1411400,0.0
2015-09-18,115.44493865966797,3865100,0.0
2015-09-21,116.2336196899414,1276200,0.0
2015-09-22,115.3452377319336,905400,0.0
2015-09-23,116.07952880859375,606600,0.0
2015-09-24,115.2364730834961,589700,0.0
2015-09-25,117.68405151367188,1663700,0.0
2015-09-28,114.15772247314453,1311300,0.0
2015-09-29,111.95486450195312,1479700,0.0
2015-09-30,113.50502014160156,1438000,0.0
2015-10-01,115.76222229003906,1532500,0.0
2015-10-02,117.04948425292969,1124000,0.0
2015-10-05,119.8778305053711,1857600,0.0
2015-10-06,119.0438461303711,1494700,0.0
2015-10-07,121.99002075195312,3039400,0.0
2015-10-08,123.91181182861328,1986700,0.0
2015-10-09,124.09314727783203,1196200,0.0
2015-10-12,124.25629425048828,1209800,0.0
2015-10-13,122.39794921875,1320500,0.0
2015-10-14,121.1922836303711,1270000,0.0
2015-10-15,122.31635284423828,1384800,0.0
2015-10-16,122.46139526367188,1003400,0.0
2015-10-19,122.54300689697266,993900,0.0
2015-10-20,123.1956558227539,570000,0.0
2015-10-21,123.56735229492188,724700,0.0
2015-10-22,124.9271469116211,1298500,0.0
2015-10-23,123.4676284790039,1191700,0.0
2015-10-26,123.2863540649414,725300,0.0
2015-10-27,122.99625396728516,523200,0.0
2015-10-28,122.93279266357422,784000,0.0
2015-10-29,122.4795150756836,625100,0.0
2015-10-30,122.19853973388672,937100,0.0
2015-11-02,122.45233917236328,980400,0.0
2015-11-03,121.84498596191406,720500,0.0
2015-11-04,120.74807739257812,688500,0.0
2015-11-05,121.08428955078125,584300,0.31
2015-11-06,120.03935241699219,904900,0.0
2015-11-09,120.18475341796875,1093200,0.0
2015-11-10,122.4654312133789,2116300,0.0
2015-11-11,122.64713287353516,1006700,0.0
2015-11-12,121.19332122802734,964900,0.0
2015-11-13,120.12110900878906,584100,0.0
2015-11-16,122.90151977539062,1370800,0.0
2015-11-17,125.49114990234375,1733200,0.0
2015-11-18,125.65470123291016,1176600,0.0
2015-11-19,124.90054321289062,794800,0.0
2015-11-20,125.04585266113281,1443500,0.0
2015-11-23,129.098388671875,1815500,0.0
2015-11-24,128.42599487304688,1049600,0.0
2015-11-25,130.10699462890625,974800,0.0
2015-11-27,130.65219116210938,554000,0.0
2015-11-30,127.44469451904297,1953900,0.0
2015-12-01,129.79806518554688,1394400,0.0
2015-12-02,128.8803253173828,842600,0.0
2015-12-03,127.66276550292969,961100,0.0
2015-12-04,131.4517822265625,1081500,0.0
2015-12-07,128.84400939941406,1255700,0.0
2015-12-08,129.92523193359375,765500,0.0
2015-12-09,127.37200164794922,786600,0.0
2015-12-10,127.19026184082031,910000,0.0
2015-12-11,125.66378784179688,1275400,0.0
2015-12-14,125.10952758789062,1360600,0.0
2015-12-15,126.55426025390625,1138700,0.0
2015-12-16,129.89797973632812,1257400,0.0
2015-12-17,127.10852813720703,1072400,0.0
2015-12-18,125.90912628173828,4622100,0.0
2015-12-21,128.48049926757812,1074500,0.0
2015-12-22,129.59815979003906,1018300,0.0
2015-12-23,130.5613250732422,652300,0.0
2015-12-24,129.9616241455078,248500,0.0
2015-12-28,130.17965698242188,402000,0.0
2015-12-29,131.0701446533203,578200,0.0
2015-12-30,130.99745178222656,533600,0.0
2015-12-31,129.42550659179688,780100,0.0
2016-01-04,127.83538818359375,1765900,0.0
2016-01-05,130.49769592285156,1753500,0.0
2016-01-06,130.04335021972656,2334900,0.0
2016-01-07,135.94039916992188,4601900,0.0
2016-01-08,133.56887817382812,1695400,0.0
2016-01-11,133.61427307128906,1521500,0.0
2016-01-12,133.60525512695312,1317000,0.0
2016-01-13,130.9611358642578,1145300,0.0
2016-01-14,130.1614990234375,1861000,0.0
2016-01-15,129.70721435546875,2022700,0.0
2016-01-19,132.31497192382812,2069800,0.0
2016-01-20,131.87879943847656,2200600,0.0
2016-01-21,130.34323120117188,1710000,0.0
2016-01-22,135.16807556152344,2077400,0.0
2016-01-25,134.70468139648438,1608700,0.0
2016-01-26,134.82275390625,1463200,0.0
2016-01-27,132.76019287109375,1695000,0.0
2016-01-28,137.94851684570312,2443600,0.0
2016-01-29,138.54815673828125,2058800,0.0
2016-02-01,140.25645446777344,1553400,0.0
2016-02-02,138.57540893554688,1253200,0.0
2016-02-03,136.65821838378906,1831400,0.0
2016-02-04,133.5234832763672,3022600,0.0
2016-02-05,125.6107406616211,4864800,0.31
2016-02-08,122.87908172607422,4595500,0.0
2016-02-09,123.91710662841797,2175700,0.0
2016-02-10,126.38471221923828,1689300,0.0
2016-02-11,123.48006439208984,1746400,0.0
2016-02-12,125.68356323242188,1201700,0.0
2016-02-16,126.83089447021484,1396700,0.0
2016-02-17,129.30755615234375,1796400,0.0
2016-02-18,127.77786254882812,1186700,0.0
2016-02-19,127.03118133544922,1309500,0.0
2016-02-22,128.023681640625,1584600,0.0
2016-02-23,126.99478149414062,1358000,0.0
2016-02-24,126.63966369628906,1485300,0.0
2016-02-25,130.79177856445312,1911000,0.0
2016-02-26,129.343994140625,1332500,0.0
2016-02-29,128.77944946289062,1044600,0.0
2016-03-01,131.5930938720703,1250100,0.0
2016-03-02,130.9192657470703,1218200,0.0
2016-03-03,131.52932739257812,1145500,0.0
2016-03-04,131.0284881591797,1282400,0.0
2016-03-07,126.30278015136719,2861400,0.0
2016-03-08,127.45006561279297,1472300,0.0
2016-03-09,127.73231506347656,1248900,0.0
2016-03-10,127.93267059326172,1080000,0.0
2016-03-11,129.3531494140625,1293100,0.0
2016-03-14,129.2073974609375,2100900,0.0
2016-03-15,131.2379608154297,1234100,0.0
2016-03-16,131.6112518310547,901300,0.0
2016-03-17,133.70555114746094,1247700,0.0
2016-03-18,133.88766479492188,2678900,0.0
2016-03-21,134.03335571289062,1164600,0.0
2016-03-22,136.0547637939453,1474400,0.0
2016-03-23,136.68304443359375,1808200,0.0
2016-03-24,136.4918212890625,1566000,0.0
2016-03-28,136.0457000732422,1051300,0.0
2016-03-29,136.31884765625,1716200,0.0
2016-03-30,138.03976440429688,1406100,0.0
2016-03-31,137.5753936767578,1370800,0.0
2016-04-01,139.02316284179688,1415300,0.0
2016-04-04,137.92141723632812,1682000,0.0
2016-04-05,137.82130432128906,2194200,0.0
2016-04-06,145.99801635742188,4172300,0.0
2016-04-07,143.29367065429688,2551100,0.0
2016-04-08,144.78700256347656,1341500,0.0
2016-04-11,143.38470458984375,1202200,0.0
2016-04-12,142.91123962402344,1447200,0.0
2016-04-13,142.0917205810547,2401100,0.0
2016-04-14,142.8110809326172,1237300,0.0
2016-04-15,142.69271850585938,1290600,0.0
2016-04-18,143.91282653808594,1181500,0.0
2016-04-19,143.22999572753906,1536700,0.0
2016-04-20,142.05532836914062,846000,0.0
2016-04-21,141.28134155273438,1188800,0.0
2016-04-22,140.9990997314453,1293800,0.0
2016-04-25,142.8110809326172,961000,0.0
2016-04-26,142.27386474609375,703400,0.0
2016-04-27,142.62896728515625,863400,0.0
2016-04-28,141.66380310058594,782500,0.0
2016-04-29,142.100830078125,858200,0.0
2016-05-02,143.65789794921875,916000,0.0
2016-05-03,144.31350708007812,1147700,0.0
2016-05-04,144.62310791015625,1195600,0.0
2016-05-05,144.9508819580078,1279200,0.0
2016-05-06,145.68113708496094,1085800,0.4
2016-05-09,147.06869506835938,1020100,0.0
2016-05-10,149.26864624023438,1614400,0.0
2016-05-11,148.73916625976562,1596800,0.0
2016-05-12,147.78981018066406,1056000,0.0
2016-05-13,147.3973388671875,1388900,0.0
2016-05-16,148.3649139404297,707100,0.0
2016-05-17,144.36666870117188,1523700,0.0
2016-05-18,141.01651000976562,3098800,0.0
2016-05-19,142.48619079589844,1248000,0.0
2016-05-20,140.66961669921875,2329700,0.0
2016-05-23,140.84307861328125,1042000,0.0
2016-05-24,143.95582580566406,1229500,0.0
2016-05-25,143.22561645507812,977500,0.0
2016-05-26,144.18406677246094,1042800,0.0
2016-05-27,144.07452392578125,820500,0.0
2016-05-31,139.8024444580078,3243500,0.0
2016-06-01,140.40489196777344,1731800,0.0
2016-06-02,140.71522521972656,1008300,0.0
2016-06-03,140.03065490722656,1000300,0.0
2016-06-06,141.58245849609375,1093100,0.0
2016-06-07,137.94024658203125,3686700,0.0
2016-06-08,140.63311767578125,1952600,0.0
2016-06-09,140.66961669921875,1136700,0.0
2016-06-10,140.03065490722656,970100,0.0
2016-06-13,139.5559844970703,1238900,0.0
2016-06-14,143.42640686035156,2706600,0.0
2016-06-15,142.62310791015625,1193500,0.0
2016-06-16,143.09779357910156,970100,0.0
2016-06-17,140.6239776611328,1941300,0.0
2016-06-20,140.87954711914062,1421500,0.0
2016-06-21,141.34512329101562,1203500,0.0
2016-06-22,140.25881958007812,1417700,0.0
2016-06-23,142.3948974609375,1200500,0.0
2016-06-24,139.23646545410156,3791500,0.0
2016-06-27,139.75680541992188,1491600,0.0
2016-06-28,143.9102020263672,2338000,0.0
2016-06-29,145.49864196777344,2480000,0.0
2016-06-30,150.98480224609375,4467700,0.0
2016-07-01,149.350830078125,1919700,0.0
2016-07-05,151.44119262695312,1574900,0.0
2016-07-06,150.93003845214844,1767600,0.0
2016-07-07,151.54164123535156,1438300,0.0
2016-07-08,151.5233917236328,1017100,0.0
2016-07-11,149.89849853515625,1337700,0.0
2016-07-12,149.46034240722656,1384700,0.0
2016-07-13,149.26864624023438,990900,0.0
2016-07-14,148.71182250976562,1001200,0.0
2016-07-15,148.87612915039062,931100,0.0
2016-07-18,148.90347290039062,680900,0.0
2016-07-19,149.71591186523438,861900,0.0
2016-07-20,151.84286499023438,1263200,0.0
2016-07-21,150.97569274902344,944900,0.0
2016-07-22,153.04782104492188,835300,0.0
2016-07-25,151.8246307373047,527100,0.0
2016-07-26,150.97569274902344,750800,0.0
2016-07-27,148.76658630371094,1264500,0.0
2016-07-28,149.33251953125,815100,0.0
2016-07-29,150.28189086914062,801200,0.0
2016-08-01,149.64291381835938,947000,0.0
2016-08-02,148.4562225341797,948500,0.0
2016-08-03,148.5201416015625,632900,0.0
2016-08-04,149.35989379882812,680600,0.0
2016-08-05,148.86700439453125,873900,0.0
2016-08-08,148.83950805664062,569000,0.4
2016-08-09,150.6697235107422,826700,0.0
2016-08-10,152.00575256347656,760600,0.0
2016-08-11,151.11813354492188,635000,0.0
2016-08-12,151.45669555664062,740600,0.0
2016-08-15,150.989990234375,687200,0.0
2016-08-16,150.5050048828125,652200,0.0
2016-08-17,151.25538635253906,599300,0.0
2016-08-18,151.23709106445312,1057000,0.0
2016-08-19,151.4475555419922,598000,0.0
2016-08-22,151.70379638671875,815000,0.0
2016-08-23,152.2436981201172,586300,0.0
2016-08-24,152.4633331298828,694000,0.0
2016-08-25,152.5364990234375,868900,0.0
2016-08-26,151.5299072265625,805500,0.0
2016-08-29,152.63719177246094,674400,0.0
2016-08-30,152.04232788085938,855800,0.0
2016-08-31,150.12066650390625,1247900,0.0
2016-09-01,150.80697631835938,622700,0.0
2016-09-02,152.82015991210938,545900,0.0
2016-09-06,152.68292236328125,790100,0.0
2016-09-07,151.89598083496094,744000,0.0
2016-09-08,151.49327087402344,1073800,0.0
2016-09-09,148.5649871826172,1282400,0.0
2016-09-12,150.8710174560547,1013800,0.0
2016-09-13,147.61331176757812,1545200,0.0
2016-09-14,148.81211853027344,822300,0.0
2016-09-15,152.33518981933594,1355300,0.0
2016-09-16,150.63308715820312,1744900,0.0
2016-09-19,148.86700439453125,1320600,0.0
2016-09-20,149.0225830078125,794200,0.0
2016-09-21,151.71286010742188,1050000,0.0
2016-09-22,151.92340087890625,1063700,0.0
2016-09-23,152.48162841796875,711400,0.0
2016-09-26,151.520751953125,911900,0.0
2016-09-27,151.86846923828125,978000,0.0
2016-09-28,151.26455688476562,982200,0.0
2016-09-29,149.77294921875,1001700,0.0
2016-09-30,152.35350036621094,1659700,0.0
2016-10-03,151.45669555664062,1240400,0.0
2016-10-04,151.7677764892578,1502400,0.0
2016-10-05,154.2843017578125,4498600,0.0
2016-10-06,156.5080108642578,2157700,0.0
2016-10-07,154.5039520263672,1751000,0.0
2016-10-10,156.70016479492188,1309100,0.0
2016-10-11,155.3000946044922,1200000,0.0
2016-10-12,155.56549072265625,849500,0.0
2016-10-13,154.595458984375,993300,0.0
2016-10-14,155.07135009765625,890900,0.0
2016-10-17,152.93917846679688,1516500,0.0
2016-10-18,153.00318908691406,689000,0.0
2016-10-19,153.1404571533203,991900,0.0
2016-10-20,152.79275512695312,1079700,0.0
2016-10-21,153.1953887939453,951300,0.0
2016-10-24,155.1719970703125,1039100,0.0
2016-10-25,153.86337280273438,834900,0.0
2016-10-26,152.37176513671875,854000,0.0
2016-10-27,151.5665283203125,585800,0.0
2016-10-28,151.92340087890625,2021000,0.0
2016-10-31,152.92999267578125,931400,0.0
2016-11-01,149.57162475585938,1566900,0.0
2016-11-02,149.80039978027344,1363800,0.0
2016-11-03,146.47860717773438,1781400,0.0
2016-11-04,146.40521240234375,1634300,0.4
2016-11-07,152.221435546875,1937300,0.0
2016-11-08,152.7902069091797,1465800,0.0
2016-11-09,141.19447326660156,7633900,0.0
2016-11-10,140.2403564453125,5944700,0.0
2016-11-11,139.800048828125,2771200,0.0
2016-11-14,135.71768188476562,3434900,0.0
2016-11-15,139.8367156982422,3453100,0.0
2016-11-16,140.67156982421875,2000900,0.0
2016-11-17,142.01095581054688,1517500,0.0
2016-11-18,142.34120178222656,1875600,0.0
2016-11-21,144.386962890625,1742200,0.0
2016-11-22,143.57969665527344,1430400,0.0
2016-11-23,141.7999725341797,1297900,0.0
2016-11-25,143.49708557128906,594000,0.0
2016-11-28,143.3595428466797,980900,0.0
2016-11-29,142.9283447265625,1338200,0.0
2016-11-30,138.65328979492188,3313700,0.0
2016-12-01,133.33250427246094,3603600,0.0
2016-12-02,133.95639038085938,2641400,0.0
2016-12-05,136.58006286621094,2010700,0.0
2016-12-06,135.75442504882812,1573300,0.0
2016-12-07,137.51577758789062,1650800,0.0
2016-12-08,138.60745239257812,1262600,0.0
2016-12-09,140.19454956054688,1575300,0.0
2016-12-12,140.7357635498047,1097000,0.0
2016-12-13,142.3870849609375,1376200,0.0
2016-12-14,142.7356719970703,1669300,0.0
2016-12-15,143.33197021484375,1225700,0.0
2016-12-16,144.73556518554688,2441200,0.0
2016-12-19,143.81820678710938,1580700,0.0
2016-12-20,138.02037048339844,3201300,0.0
2016-12-21,139.17625427246094,1274400,0.0
2016-12-22,136.45156860351562,2416100,0.0
2016-12-23,138.3321990966797,1247300,0.0
2016-12-27,138.65328979492188,757400,0.0
2016-12-28,139.800048828125,1019800,0.0
2016-12-29,141.03851318359375,947600,0.0
2016-12-30,140.64405822753906,1145200,0.0
2017-01-03,141.96507263183594,1991400,0.0
2017-01-04,144.9374237060547,2972300,0.0
2017-01-05,134.62603759765625,10511800,0.0
2017-01-06,137.09376525878906,4441900,0.0
2017-01-09,137.85519409179688,2129600,0.0
2017-01-10,136.91026306152344,2152800,0.0
2017-01-11,136.69012451171875,1835800,0.0
2017-01-12,135.341552734375,1973700,0.0
2017-01-13,136.94700622558594,1721700,0.0
2017-01-17,141.0293426513672,3708600,0.0
2017-01-18,138.04783630371094,2263100,0.0
2017-01-19,137.2313995361328,1560100,0.0
2017-01-20,137.68092346191406,1973800,0.0
2017-01-23,139.02944946289062,2470200,0.0
2017-01-24,140.40554809570312,1899500,0.0
2017-01-25,141.35963439941406,2177500,0.0
2017-01-26,137.57997131347656,2790500,0.0
2017-01-27,136.6167449951172,2712500,0.0
2017-01-30,136.08465576171875,1566300,0.0
2017-01-31,137.3873291015625,1793900,0.0
2017-02-01,137.46987915039062,1700800,0.0
2017-02-02,136.93780517578125,1290500,0.0
2017-02-03,136.7543182373047,1671500,0.0
2017-02-06,137.3965301513672,940200,0.0
2017-02-07,139.8156280517578,1116500,0.4
2017-02-08,142.1888427734375,2274900,0.0
2017-02-09,143.24668884277344,2347500,0.0
2017-02-10,142.98910522460938,1555600,0.0
2017-02-13,143.0259552001953,1969200,0.0
2017-02-14,143.3938751220703,1160200,0.0
2017-02-15,143.68824768066406,941400,0.0
2017-02-16,145.80384826660156,2291800,0.0
2017-02-17,148.3885955810547,2435200,0.0
2017-02-21,147.25723266601562,2186300,0.0
2017-02-22,147.35836791992188,1160800,0.0
2017-02-23,141.28741455078125,3591900,0.0
2017-02-24,146.11660766601562,4422500,0.0
2017-02-27,145.15077209472656,1918700,0.0
2017-02-28,146.07977294921875,1528600,0.0
2017-03-01,146.81565856933594,1523800,0.0
2017-03-02,145.73023986816406,961700,0.0
2017-03-03,146.0338134765625,1364800,0.0
2017-03-06,145.15077209472656,1382500,0.0
2017-03-07,144.60806274414062,1460700,0.0
2017-03-08,143.84458923339844,1416800,0.0
2017-03-09,143.30186462402344,990000,0.0
2017-03-10,144.9299774169922,999900,0.0
2017-03-13,145.69346618652344,1251400,0.0
2017-03-14,146.36497497558594,1030100,0.0
2017-03-15,149.1244354248047,1773600,0.0
2017-03-16,149.05087280273438,1044800,0.0
2017-03-17,148.78408813476562,2301000,0.0
2017-03-20,149.52001953125,814800,0.0
2017-03-21,151.41485595703125,2345700,0.0
2017-03-22,151.03775024414062,920700,0.0
2017-03-23,149.67640686035156,1056500,0.0
2017-03-24,150.90892028808594,1151600,0.0
2017-03-27,150.5594024658203,1288900,0.0
2017-03-28,149.40956115722656,1225900,0.0
2017-03-29,150.56861877441406,820900,0.0
2017-03-30,149.41883850097656,1028900,0.0
2017-03-31,149.0785369873047,1229600,0.0
2017-04-03,148.70135498046875,1283100,0.0
2017-04-04,148.56336975097656,1205100,0.0
2017-04-05,148.46217346191406,1858900,0.0
2017-04-06,158.0009002685547,5960200,0.0
2017-04-07,156.7131805419922,2584900,0.0
2017-04-10,157.54104614257812,1453400,0.0
2017-04-11,156.69479370117188,1030800,0.0
2017-04-12,156.3360137939453,1234600,0.0
2017-04-13,155.40699768066406,1358800,0.0
2017-04-17,156.48316955566406,1342200,0.0
2017-04-18,158.40570068359375,1231500,0.0
2017-04-19,158.15728759765625,1030400,0.0
2017-04-20,159.0863494873047,966300,0.0
2017-04-21,158.29527282714844,992800,0.0
2017-04-24,159.15994262695312,1074200,0.0
2017-04-25,158.70921325683594,1410700,0.0
2017-04-26,156.8143310546875,1978400,0.0
2017-04-27,157.34783935546875,1088400,0.0
2017-04-28,158.70921325683594,1083700,0.0
2017-05-01,158.27691650390625,538800,0.0
2017-05-02,160.585693359375,1521000,0.0
2017-05-03,159.81301879882812,853600,0.0
2017-05-04,162.9956817626953,1338000,0.0
2017-05-05,164.2006378173828,1224600,0.0
2017-05-08,165.61212158203125,1149400,0.52
2017-05-09,163.99771118164062,1126500,0.0
2017-05-10,163.81320190429688,937200,0.0
2017-05-11,164.47738647460938,1043600,0.0
2017-05-12,164.73573303222656,607000,0.0
2017-05-15,166.31321716308594,1195000,0.0
2017-05-16,168.09371948242188,2515100,0.0
2017-05-17,166.6822509765625,1087600,0.0
2017-05-18,166.829833984375,1262300,0.0
2017-05-19,168.76715087890625,1043300,0.0
2017-05-22,169.87417602539062,1213000,0.0
2017-05-23,166.84832763671875,2984100,0.0
2017-05-24,164.97557067871094,2613600,0.0
2017-05-25,166.18408203125,1606900,0.0
2017-05-26,166.9128875732422,583000,0.0
2017-05-30,166.52545166015625,1416500,0.0
2017-05-31,168.5918731689453,1577700,0.0
2017-06-01,170.381591796875,1044100,0.0
2017-06-02,170.45538330078125,758300,0.0
2017-06-05,170.2155303955078,716800,0.0
2017-06-06,171.4332733154297,1140400,0.0
2017-06-07,170.24319458007812,1139700,0.0
2017-06-08,169.2376708984375,1190200,0.0
2017-06-09,166.9774627685547,1474200,0.0
2017-06-12,165.2615966796875,1975100,0.0
2017-06-13,165.6398162841797,1193600,0.0
2017-06-14,165.9626922607422,1340800,0.0
2017-06-15,166.33172607421875,785300,0.0
2017-06-16,166.86679077148438,1108800,0.0
2017-06-19,169.08084106445312,1174100,0.0
2017-06-20,170.25244140625,1052400,0.0
2017-06-21,170.206298828125,926800,0.0
2017-06-22,169.84646606445312,852700,0.0
2017-06-23,170.27088928222656,1100000,0.0
2017-06-26,168.3335723876953,1187500,0.0
2017-06-27,168.15826416015625,1302000,0.0
2017-06-28,169.4498291015625,2145500,0.0
2017-06-29,177.85403442382812,6167200,0.0
2017-06-30,178.72119140625,3097500,0.0
2017-07-03,176.87619018554688,969100,0.0
2017-07-05,178.896484375,1450500,0.0
2017-07-06,178.74891662597656,1187000,0.0
2017-07-07,178.52752685546875,723500,0.0
2017-07-10,178.8042449951172,914300,0.0
2017-07-11,178.86883544921875,873300,0.0
2017-07-12,181.8301544189453,1592000,0.0
2017-07-13,181.04598999023438,955900,0.0
2017-07-14,182.95565795898438,736200,0.0
2017-07-17,181.368896484375,1817700,0.0
2017-07-18,181.90394592285156,1541200,0.0
2017-07-19,182.93716430664062,986800,0.0
2017-07-20,182.7711181640625,1575800,0.0
2017-07-21,183.14016723632812,707900,0.0
2017-07-24,180.81532287597656,1285200,0.0
2017-07-25,178.6658477783203,1488000,0.0
2017-07-26,178.39837646484375,1636400,0.0
2017-07-27,179.39468383789062,1627300,0.0
2017-07-28,179.5146026611328,807800,0.0
2017-07-31,178.3706512451172,1528300,0.0
2017-08-01,179.66221618652344,1551100,0.0
2017-08-02,178.5182647705078,1746800,0.0
2017-08-03,178.08470153808594,749700,0.0
2017-08-04,178.8042449951172,744100,0.0
2017-08-07,180.34901428222656,773800,0.52
2017-08-08,180.08078002929688,878100,0.0
2017-08-09,180.73753356933594,937300,0.0
2017-08-10,180.09002685546875,1036500,0.0
2017-08-11,180.97804260253906,897800,0.0
2017-08-14,182.4025421142578,941300,0.0
2017-08-15,183.79930114746094,775600,0.0
2017-08-16,183.67906188964844,866400,0.0
2017-08-17,182.30084228515625,780400,0.0
2017-08-18,183.04080200195312,776100,0.0
2017-08-21,183.26278686523438,702300,0.0
2017-08-22,181.98629760742188,941000,0.0
2017-08-23,181.97706604003906,418200,0.0
2017-08-24,182.11582946777344,1267500,0.0
2017-08-25,183.44781494140625,689200,0.0
2017-08-28,183.04080200195312,1336100,0.0
2017-08-29,183.5218048095703,715900,0.0
2017-08-30,184.57627868652344,1127300,0.0
2017-08-31,185.0943145751953,1937500,0.0
2017-09-01,185.21458435058594,992600,0.0
2017-09-05,186.0100555419922,1074400,0.0
2017-09-06,187.33282470703125,2060000,0.0
2017-09-07,187.04608154296875,814800,0.0
2017-09-08,187.21263122558594,846500,0.0
2017-09-11,188.42434692382812,1015500,0.0
2017-09-12,189.27532958984375,1287100,0.0
2017-09-13,189.1181182861328,1191400,0.0
2017-09-14,189.05335998535156,812500,0.0
2017-09-15,188.14683532714844,1399000,0.0
2017-09-18,188.60935974121094,828500,0.0
2017-09-19,187.15707397460938,1200600,0.0
2017-09-20,186.6390838623047,831900,0.0
2017-09-21,185.94532775878906,645500,0.0
2017-09-22,186.67611694335938,736800,0.0
2017-09-25,185.56610107421875,628200,0.0
2017-09-26,185.4181365966797,1309600,0.0
2017-09-27,184.8168182373047,1283300,0.0
2017-09-28,184.35435485839844,1906800,0.0
2017-09-29,184.49310302734375,1253800,0.0
2017-10-02,184.40054321289062,2017400,0.0
2017-10-03,184.1508331298828,1960000,0.0
2017-10-04,186.0933380126953,3141400,0.0
2017-10-05,193.55816650390625,4951900,0.0
2017-10-06,194.35365295410156,1776900,0.0
2017-10-09,192.57766723632812,745600,0.0
2017-10-10,192.36488342285156,1670000,0.0
2017-10-11,192.16140747070312,972300,0.0
2017-10-12,191.84690856933594,1321700,0.0
2017-10-13,192.91990661621094,1011600,0.0
2017-10-16,194.6681671142578,1218300,0.0
2017-10-17,197.6189727783203,2758600,0.0
2017-10-18,195.9076385498047,1255100,0.0
2017-10-19,196.0834197998047,977600,0.0
2017-10-20,195.40821838378906,1191500,0.0
2017-10-23,195.83372497558594,598800,0.0
2017-10-24,196.7032012939453,1092300,0.0
2017-10-25,196.5459442138672,900400,0.0
2017-10-26,195.86141967773438,836100,0.0
2017-10-27,196.00942993164062,801400,0.0
2017-10-30,197.02696228027344,1082400,0.0
2017-10-31,202.66021728515625,1727300,0.0
2017-11-01,199.80197143554688,1152700,0.0
2017-11-02,198.24794006347656,1043300,0.0
2017-11-03,199.7187042236328,853200,0.0
2017-11-06,200.09890747070312,789600,0.52
2017-11-07,199.8021697998047,1556200,0.0
2017-11-08,201.7957000732422,1757500,0.0
2017-11-09,202.2593231201172,616300,0.0
2017-11-10,202.7600555419922,672100,0.0
2017-11-13,204.697998046875,885400,0.0
2017-11-14,202.22227478027344,1064600,0.0
2017-11-15,201.35995483398438,1254600,0.0
2017-11-16,201.5268096923828,1233800,0.0
2017-11-17,200.55322265625,880400,0.0
2017-11-20,201.74937438964844,1108000,0.0
2017-11-21,203.77076721191406,860800,0.0
2017-11-22,204.41058349609375,616600,0.0
2017-11-24,205.736572265625,303000,0.0
2017-11-27,204.1045684814453,812000,0.0
2017-11-28,204.01185607910156,1117900,0.0
2017-11-29,198.76365661621094,1560100,0.0
2017-11-30,201.7586669921875,1542100,0.0
2017-12-01,202.69520568847656,1082200,0.0
2017-12-04,200.59954833984375,1699300,0.0
2017-12-05,201.04469299316406,1123600,0.0
2017-12-06,201.14666748046875,964200,0.0
2017-12-07,201.07249450683594,886300,0.0
2017-12-08,202.12026977539062,1342600,0.0
2017-12-11,203.4091339111328,1357100,0.0
2017-12-12,204.00254821777344,1693800,0.0
2017-12-13,202.67660522460938,1104800,0.0
2017-12-14,206.54322814941406,1319800,0.0
2017-12-15,208.11026000976562,2446400,0.0
2017-12-18,206.23724365234375,1453100,0.0
2017-12-19,206.98826599121094,1366700,0.0
2017-12-20,207.24789428710938,1193100,0.0
2017-12-21,208.25857543945312,977000,0.0
2017-12-22,207.52610778808594,949700,0.0
2017-12-26,209.10238647460938,1545600,0.0
2017-12-27,209.53819274902344,1348000,0.0
2017-12-28,211.39268493652344,1866500,0.0
2017-12-29,211.9397430419922,1827900,0.0
2018-01-02,210.07603454589844,2346900,0.0
2018-01-03,210.94761657714844,1715100,0.0
2018-01-04,209.362060546875,2784500,0.0
2018-01-05,203.88201904296875,10175300,0.0
2018-01-08,201.06321716308594,4978400,0.0
2018-01-09,205.92198181152344,2331400,0.0
2018-01-10,203.39987182617188,3418500,0.0
2018-01-11,203.1124725341797,2096000,0.0
2018-01-12,201.69374084472656,4266200,0.0
2018-01-16,201.91629028320312,2205200,0.0
2018-01-17,203.27005004882812,1924000,0.0
2018-01-18,201.48048400878906,1962600,0.0
2018-01-19,202.39845275878906,2235200,0.0
2018-01-22,203.36276245117188,1699000,0.0
2018-01-23,204.71658325195312,1609900,0.0
2018-01-24,205.87562561035156,2354800,0.0
2018-01-25,205.20799255371094,1429300,0.0
2018-01-26,207.36846923828125,1329300,0.0
2018-01-29,204.67945861816406,1304500,0.0
2018-01-30,204.03965759277344,1006100,0.0
2018-01-31,203.50184631347656,1670400,0.0
2018-02-01,204.63308715820312,986000,0.0
2018-02-02,200.1823272705078,1745200,0.0
2018-02-05,195.64810180664062,1994600,0.0
2018-02-06,200.55322265625,2718300,0.0
2018-02-07,198.56893920898438,1791700,0.0
2018-02-08,194.01438903808594,2242700,0.52
2018-02-09,195.43650817871094,2881800,0.0
2018-02-12,197.99264526367188,3131600,0.0
2018-02-13,198.42022705078125,1411700,0.0
2018-02-14,198.91285705566406,1204800,0.0
2018-02-15,201.52476501464844,1487400,0.0
2018-02-16,203.97865295410156,1499300,0.0
2018-02-20,202.0081024169922,1020500,0.0
2018-02-21,198.71762084960938,2879500,0.0
2018-02-22,198.08560180664062,1583400,0.0
2018-02-23,202.12893676757812,1498600,0.0
2018-02-26,202.6680145263672,1148700,0.0
2018-02-27,202.67733764648438,2150000,0.0
2018-02-28,200.2884979248047,1314100,0.0
2018-03-01,200.72535705566406,1541300,0.0
2018-03-02,204.3411407470703,1643400,0.0
2018-03-05,204.043701171875,1042400,0.0
2018-03-06,206.869384765625,1200900,0.0
2018-03-07,208.12417602539062,1384500,0.0
2018-03-08,211.64697265625,1553100,0.0
2018-03-09,214.1008758544922,1766600,0.0
2018-03-12,213.92430114746094,1760000,0.0
2018-03-13,211.8700408935547,1119200,0.0
2018-03-14,211.3588409423828,672200,0.0
2018-03-15,210.89410400390625,1048900,0.0
2018-03-16,212.42776489257812,1263500,0.0
2018-03-19,210.3921661376953,891300,0.0
2018-03-20,211.56332397460938,982500,0.0
2018-03-21,210.1319122314453,1350500,0.0
2018-03-22,208.42161560058594,1101400,0.0
2018-03-23,205.34495544433594,2232800,0.0
2018-03-26,204.815185546875,1839800,0.0
2018-03-27,203.06771850585938,1851600,0.0
2018-03-28,204.94529724121094,1836600,0.0
2018-03-29,211.85150146484375,4307500,0.0
2018-04-02,212.0745849609375,2385200,0.0
2018-04-03,209.22103881835938,2757000,0.0
2018-04-04,210.485107421875,1882300,0.0
2018-04-05,213.7197723388672,1900900,0.0
2018-04-06,211.17295837402344,1681800,0.0
2018-04-09,210.26206970214844,1155100,0.0
2018-04-10,210.1319122314453,870800,0.0
2018-04-11,209.55560302734375,1311100,0.0
2018-04-12,208.4123077392578,1177700,0.0
2018-04-13,208.10557556152344,1261300,0.0
2018-04-16,211.01492309570312,951700,0.0
2018-04-17,215.08612060546875,1530900,0.0
2018-04-18,215.79257202148438,1595300,0.0
2018-04-19,213.43162536621094,1123600,0.0
2018-04-20,211.5354766845703,1183200,0.0
2018-04-23,212.16754150390625,880000,0.0
2018-04-24,210.2806854248047,1025100,0.0
2018-04-25,210.87550354003906,828200,0.0
2018-04-26,212.6043701171875,774000,0.0
2018-04-27,217.7073516845703,1410400,0.0
2018-04-30,216.69419860839844,1341400,0.0
2018-05-01,213.48739624023438,954800,0.0
2018-05-02,210.81044006347656,2866300,0.0
2018-05-03,208.27291870117188,1256100,0.0
2018-05-04,205.67959594726562,1962200,0.0
2018-05-07,208.02197265625,1395200,0.0
2018-05-08,205.84693908691406,1424300,0.0
2018-05-09,207.01266479492188,1264300,0.74
2018-05-10,205.53915405273438,1631000,0.0
2018-05-11,205.3899688720703,1167400,0.0
2018-05-14,206.87281799316406,1739100,0.0
2018-05-15,206.82615661621094,1169700,0.0
2018-05-16,206.53704833984375,934500,0.0
2018-05-17,207.1805419921875,820900,0.0
2018-05-18,205.45516967773438,1676700,0.0
2018-05-21,204.55992126464844,1186000,0.0
2018-05-22,201.37037658691406,2164300,0.0
2018-05-23,201.98593139648438,1475700,0.0
2018-05-24,202.34030151367188,1244500,0.0
2018-05-25,202.2003631591797,994300,0.0
2018-05-29,204.93296813964844,1594300,0.0
2018-05-30,209.6892852783203,1705100,0.0
2018-05-31,208.04788208007812,1302500,0.0
2018-06-01,207.7401123046875,1586800,0.0
2018-06-04,210.61257934570312,1609000,0.0
2018-06-05,210.09030151367188,1283500,0.0
2018-06-06,209.24163818359375,1660700,0.0
2018-06-07,208.46754455566406,1070600,0.0
2018-06-08,211.9648895263672,1072400,0.0
2018-06-11,210.85508728027344,1025100,0.0
2018-06-12,214.23114013671875,1532300,0.0
2018-06-13,213.78347778320312,996100,0.0
2018-06-14,216.53469848632812,1098300,0.0
2018-06-15,217.31808471679688,2371600,0.0
2018-06-18,216.60934448242188,1082400,0.0
2018-06-19,216.2268829345703,880800,0.0
2018-06-20,215.9005126953125,975400,0.0
2018-06-21,215.76992797851562,940700,0.0
2018-06-22,215.91917419433594,1306200,0.0
2018-06-25,212.67364501953125,1373500,0.0
2018-06-26,214.1751708984375,1232400,0.0
2018-06-27,213.95135498046875,1845000,0.0
2018-06-28,216.67457580566406,2090900,0.0
2018-06-29,204.1215362548828,10214900,0.0
2018-07-02,201.36102294921875,3523600,0.0
2018-07-03,200.50302124023438,1205900,0.0
2018-07-05,201.2024688720703,1530300,0.0
2018-07-06,200.4936981201172,1480600,0.0
2018-07-09,203.58999633789062,1645200,0.0
2018-07-10,203.29153442382812,1083300,0.0
2018-07-11,202.7040252685547,979700,0.0
2018-07-12,202.86253356933594,1100900,0.0
2018-07-13,200.97866821289062,1962600,0.0
2018-07-16,199.06678771972656,2234700,0.0
2018-07-17,199.4398193359375,1931600,0.0
2018-07-18,199.91549682617188,2458400,0.0
2018-07-19,201.27708435058594,1196200,0.0
2018-07-20,201.4076690673828,993200,0.0
2018-07-23,200.51234436035156,893700,0.0
2018-07-24,200.13931274414062,1546000,0.0
2018-07-25,200.65225219726562,1733800,0.0
2018-07-26,200.1672821044922,1552600,0.0
2018-07-27,199.5330810546875,1578300,0.0
2018-07-30,195.54148864746094,2128300,0.0
2018-07-31,196.06375122070312,2519900,0.0
2018-08-01,194.41302490234375,1556500,0.0
2018-08-02,193.92807006835938,1588300,0.0
2018-08-03,199.58905029296875,3461100,0.0
2018-08-06,198.19944763183594,1516300,0.0
2018-08-07,202.49884033203125,1894300,0.0
2018-08-08,199.9621124267578,1906100,0.0
2018-08-09,201.00091552734375,1038700,0.74
2018-08-10,199.6158447265625,1151400,0.0
2018-08-13,200.1118621826172,1136700,0.0
2018-08-14,207.5799102783203,4415500,0.0
2018-08-15,194.9085693359375,10095100,0.0
2018-08-16,189.49000549316406,5190100,0.0
2018-08-17,190.84698486328125,3754000,0.0
2018-08-20,189.88307189941406,2556900,0.0
2018-08-21,187.627685546875,2943700,0.0
2018-08-22,190.31353759765625,2467500,0.0
2018-08-23,191.73605346679688,1900300,0.0
2018-08-24,194.28155517578125,2190800,0.0
2018-08-27,196.77088928222656,3046200,0.0
2018-08-28,193.8791046142578,2077800,0.0
2018-08-29,195.82569885253906,1506800,0.0
2018-08-30,195.3671112060547,1835600,0.0
2018-08-31,194.84300231933594,1980400,0.0
2018-09-04,197.56634521484375,1717300,0.0
2018-09-05,196.2935791015625,1973600,0.0
2018-09-06,195.23609924316406,1687100,0.0
2018-09-07,198.13720703125,2115300,0.0
2018-09-10,198.45538330078125,2217400,0.0
2018-09-11,201.45010375976562,2618800,0.0
2018-09-12,202.13328552246094,1922200,0.0
2018-09-13,201.04771423339844,1723200,0.0
2018-09-14,198.4460906982422,2111100,0.0
2018-09-17,198.70806884765625,1941900,0.0
2018-09-18,199.82171630859375,1391000,0.0
2018-09-19,201.36587524414062,1896100,0.0
2018-09-20,204.54774475097656,1882700,0.0
2018-09-21,203.0223388671875,2055300,0.0
2018-09-24,202.44212341308594,928600,0.0
2018-09-25,200.7482452392578,1555800,0.0
2018-09-26,200.0463104248047,1338200,0.0
2018-09-27,201.15066528320312,1128100,0.0
2018-09-28,201.78701782226562,2434100,0.0
2018-10-01,199.6345672607422,1341700,0.0
2018-10-02,199.0823974609375,1765500,0.0
2018-10-03,197.23878479003906,2627300,0.0
2018-10-04,207.85130310058594,7428400,0.0
2018-10-05,208.86203002929688,3759300,0.0
2018-10-08,213.9998016357422,3029200,0.0
2018-10-09,211.75376892089844,2443100,0.0
2018-10-10,207.3927001953125,2217700,0.0
2018-10-11,203.79910278320312,2343700,0.0
2018-10-12,211.2109832763672,2967200,0.0
2018-10-15,209.35801696777344,1583700,0.0
2018-10-16,212.39950561523438,1636100,0.0
2018-10-17,212.6240997314453,1165200,0.0
2018-10-18,210.64947509765625,1991000,0.0
2018-10-19,208.62803649902344,1883500,0.0
2018-10-22,205.0999298095703,2563000,0.0
2018-10-23,201.09451293945312,2808200,0.0
2018-10-24,198.5677032470703,2330400,0.0
2018-10-25,199.4754638671875,1712800,0.0
2018-10-26,196.49012756347656,3008100,0.0
2018-10-29,189.74267578125,2570300,0.0
2018-10-30,185.73727416992188,3477300,0.0
2018-10-31,186.44850158691406,2978700,0.0
2018-11-01,187.99264526367188,1783000,0.0
2018-11-02,188.40443420410156,1877100,0.0
2018-11-05,188.14141845703125,1605800,0.74
2018-11-06,191.6168212890625,2303900,0.0
2018-11-07,194.1998748779297,2041800,0.0
2018-11-08,192.29312133789062,1459300,0.0
2018-11-09,190.7996368408203,1654400,0.0
2018-11-12,189.71002197265625,1309100,0.0
2018-11-13,187.52146911621094,2316900,0.0
2018-11-14,185.33290100097656,2265200,0.0
2018-11-15,185.4550018310547,1304500,0.0
2018-11-16,184.6002655029297,2436300,0.0
2018-11-19,181.65086364746094,3845900,0.0
2018-11-20,179.14295959472656,2363900,0.0
2018-11-21,182.42112731933594,1684800,0.0
2018-11-23,181.1342315673828,470200,0.0
2018-11-26,182.3271484375,1329400,0.0
2018-11-27,183.91458129882812,2269500,0.0
2018-11-28,189.09951782226562,2012900,0.0
2018-11-29,184.29971313476562,2909400,0.0
2018-11-30,183.8769989013672,1663000,0.0
2018-12-03,186.1782989501953,2351700,0.0
2018-12-04,179.56564331054688,2192300,0.0
2018-12-06,179.14295959472656,1666400,0.0
2018-12-07,177.16104125976562,1437700,0.0
2018-12-10,175.93057250976562,1915000,0.0
2018-12-11,177.311279296875,2041000,0.0
2018-12-12,175.39515686035156,2267500,0.0
2018-12-13,171.5440216064453,2311000,0.0
2018-12-14,170.26658630371094,1330800,0.0
2018-12-17,165.3634796142578,2739400,0.0
2018-12-18,162.1416778564453,3488200,0.0
2018-12-19,161.64382934570312,3539400,0.0
2018-12-20,156.7500762939453,2519400,0.0
2018-12-21,152.33538818359375,3163500,0.0
2018-12-24,147.42282104492188,1541000,0.0
2018-12-26,153.50013732910156,1908400,0.0
2018-12-27,153.57522583007812,1734000,0.0
2018-12-28,152.97409057617188,1963800,0.0
2018-12-31,151.05792236328125,1952800,0.0
2019-01-02,154.08250427246094,1747200,0.0
2019-01-03,151.79063415527344,2392000,0.0
2019-01-04,156.50584411621094,3369600,0.0
2019-01-07,159.79339599609375,3553100,0.0
2019-01-08,161.87867736816406,3418600,0.0
2019-01-09,141.77769470214844,17157500,0.0
2019-01-10,150.2219696044922,7659000,0.0
2019-01-11,149.545654296875,3835100,0.0
2019-01-14,151.09552001953125,2874500,0.0
2019-01-15,150.78555297851562,1823600,0.0
2019-01-16,150.17498779296875,1917900,0.0
2019-01-17,150.62586975097656,1725500,0.0
2019-01-18,154.18580627441406,2952200,0.0
2019-01-22,154.7305908203125,2553400,0.0
2019-01-23,155.53836059570312,2700400,0.0
2019-01-24,154.78697204589844,2163200,0.0
2019-01-25,156.6749267578125,2349200,0.0
2019-01-28,157.7081756591797,2636500,0.0
2019-01-29,157.9429931640625,3067000,0.0
2019-01-30,160.25369262695312,2486600,0.0
2019-01-31,163.11851501464844,2457300,0.0
2019-02-01,163.20303344726562,2531400,0.0
2019-02-04,162.32012939453125,1483400,0.0
2019-02-05,164.11419677734375,2604600,0.0
2019-02-06,161.83169555664062,1651700,0.0
2019-02-07,163.48486328125,1896200,0.0
2019-02-08,164.5838165283203,1344200,0.0
2019-02-11,162.9708251953125,2021200,0.74
2019-02-12,162.1879119873047,1979900,0.0
2019-02-13,164.85740661621094,4736500,0.0
2019-02-14,164.0933074951172,2484500,0.0
2019-02-15,164.98944091796875,1965600,0.0
2019-02-19,164.8102569580078,2072300,0.0
2019-02-20,157.5092010498047,5401800,0.0
2019-02-21,156.25460815429688,5426300,0.0
2019-02-22,159.47120666503906,3913800,0.0
2019-02-25,157.66958618164062,1695100,0.0
2019-02-26,159.80140686035156,1495900,0.0
2019-02-27,159.6504669189453,1112300,0.0
2019-02-28,159.56556701660156,1540600,0.0
2019-03-01,162.1879119873047,1508500,0.0
2019-03-04,160.9521942138672,1828700,0.0
2019-03-05,157.971435546875,2601700,0.0
2019-03-06,156.6414031982422,1292500,0.0
2019-03-07,158.1317596435547,1595600,0.0
2019-03-08,156.7640380859375,1146200,0.0
2019-03-11,158.78268432617188,1043300,0.0
2019-03-12,159.23538208007812,997900,0.0
2019-03-13,160.98048400878906,1379200,0.0
2019-03-14,160.93333435058594,1240000,0.0
2019-03-15,160.78237915039062,2682700,0.0
2019-03-18,161.37664794921875,856300,0.0
2019-03-19,157.83932495117188,2187200,0.0
2019-03-20,155.26422119140625,2815900,0.0
2019-03-21,159.7825469970703,1622600,0.0
2019-03-22,159.9145965576172,1553100,0.0
2019-03-25,158.50906372070312,1384100,0.0
2019-03-26,161.970947265625,2077000,0.0
2019-03-27,160.4711151123047,1217400,0.0
2019-03-28,162.71612548828125,1170900,0.0
2019-03-29,165.38565063476562,2193900,0.0
2019-04-01,167.51742553710938,2908800,0.0
2019-04-02,166.6873321533203,2237600,0.0
2019-04-03,169.49832153320312,2644100,0.0
2019-04-04,180.59130859375,7719600,0.0
2019-04-05,182.33639526367188,4639500,0.0
2019-04-08,181.43081665039062,2866200,0.0
2019-04-09,180.06309509277344,1917900,0.0
2019-04-10,179.31788635253906,1399100,0.0
2019-04-11,180.3272247314453,1847300,0.0
2019-04-12,179.72352600097656,948500,0.0
2019-04-15,180.0913848876953,1447600,0.0
2019-04-16,179.23300170898438,2025300,0.0
2019-04-17,180.7139434814453,1090900,0.0
2019-04-18,187.52444458007812,2881500,0.0
2019-04-22,193.80670166015625,2196900,0.0
2019-04-23,195.7121124267578,2256500,0.0
2019-04-24,198.2212677001953,1666900,0.0
2019-04-25,200.126708984375,1900700,0.0
2019-04-26,200.126708984375,1329600,0.0
2019-04-29,200.48513793945312,1078400,0.0
2019-04-30,199.6644744873047,1532600,0.0
2019-05-01,200.06063842773438,876500,0.0
2019-05-02,197.2591094970703,1569400,0.0
2019-05-03,199.40977478027344,1113900,0.0
2019-05-06,198.47593688964844,1166400,0.0
2019-05-07,196.08001708984375,1227900,0.0
2019-05-08,195.43853759765625,840800,0.0
2019-05-09,191.1310577392578,1833400,0.75
2019-05-10,192.39962768554688,1617000,0.0
2019-05-13,190.34527587890625,1320100,0.0
2019-05-14,194.38772583007812,1202000,0.0
2019-05-15,194.06585693359375,1368700,0.0
2019-05-16,195.77940368652344,873000,0.0
2019-05-17,193.87649536132812,893500,0.0
2019-05-20,192.22923278808594,1062000,0.0
2019-05-21,194.0752716064453,1765700,0.0
2019-05-22,194.0469207763672,865700,0.0
2019-05-23,195.22084045410156,877200,0.0
2019-05-24,188.0921173095703,2526800,0.0
2019-05-28,183.8887176513672,3271700,0.0
2019-05-29,178.83331298828125,1483300,0.0
2019-05-30,177.30908203125,1083400,0.0
2019-05-31,167.04676818847656,6252400,0.0
2019-06-03,167.78521728515625,4607900,0.0
2019-06-04,174.61099243164062,2238700,0.0
2019-06-05,177.03448486328125,1639600,0.0
2019-06-06,174.34591674804688,2310100,0.0
2019-06-07,178.3599395751953,1814800,0.0
2019-06-10,181.73023986816406,2042300,0.0
2019-06-11,184.57037353515625,1306800,0.0
2019-06-12,179.23092651367188,1041100,0.0
2019-06-13,179.2498321533203,1111400,0.0
2019-06-14,177.63096618652344,724100,0.0
2019-06-17,177.25228881835938,789700,0.0
2019-06-18,172.27259826660156,1848800,0.0
2019-06-19,174.4973602294922,1391500,0.0
2019-06-20,175.8417205810547,1029800,0.0
2019-06-21,173.93881225585938,2121100,0.0
2019-06-24,171.6004180908203,1607100,0.0
2019-06-25,174.09976196289062,2273100,0.0
2019-06-26,175.16009521484375,1183300,0.0
2019-06-27,178.18006896972656,2091400,0.0
2019-06-28,186.44483947753906,7415800,0.0
2019-07-01,185.64013671875,2526500,0.0
2019-07-02,188.0731964111328,1172400,0.0
2019-07-03,189.24708557128906,917100,0.0
2019-07-05,186.96551513671875,652200,0.0
2019-07-08,189.4364471435547,1109500,0.0
2019-07-09,187.48623657226562,2193800,0.0
2019-07-10,190.0896759033203,1218400,0.0
2019-07-11,187.1359405517578,970600,0.0
2019-07-12,188.9630889892578,1213500,0.0
2019-07-15,188.00692749023438,812400,0.0
2019-07-16,187.33474731445312,1016800,0.0
2019-07-17,188.7548065185547,879200,0.0
2019-07-18,191.80320739746094,823500,0.0
2019-07-19,190.82809448242188,1029200,0.0
2019-07-22,190.44944763183594,1073100,0.0
2019-07-23,191.5097198486328,683600,0.0
2019-07-24,193.2138214111328,667400,0.0
2019-07-25,192.1913604736328,638900,0.0
2019-07-26,193.05287170410156,739700,0.0
2019-07-29,188.39508056640625,1146800,0.0
2019-07-30,190.2411346435547,875200,0.0
2019-07-31,186.3312225341797,884100,0.0
2019-08-01,183.2828369140625,1366300,0.0
2019-08-02,182.4686737060547,818800,0.0
2019-08-05,176.74107360839844,1672300,0.0
2019-08-06,177.21444702148438,1148300,0.0
2019-08-07,178.13272094726562,801600,0.0
2019-08-08,182.96092224121094,850200,0.0
2019-08-09,183.8035125732422,1091800,0.0
2019-08-12,183.47091674804688,695000,0.75
2019-08-13,186.77821350097656,936900,0.0
2019-08-14,183.76551818847656,1357700,0.0
2019-08-15,184.75389099121094,1004800,0.0
2019-08-16,188.92605590820312,962700,0.0
2019-08-19,191.78671264648438,1044200,0.0
2019-08-20,192.4329833984375,1143600,0.0
2019-08-21,192.7846221923828,682800,0.0
2019-08-22,191.65367126464844,906500,0.0
2019-08-23,188.65997314453125,1018400,0.0
2019-08-26,192.39495849609375,1147700,0.0
2019-08-27,188.35581970214844,987500,0.0
2019-08-28,191.8152618408203,844200,0.0
2019-08-29,194.47630310058594,761800,0.0
2019-08-30,194.21018981933594,983400,0.0
2019-09-03,198.01170349121094,899700,0.0
2019-09-04,199.75086975097656,883800,0.0
2019-09-05,194.7613983154297,1025900,0.0
2019-09-06,194.59034729003906,955300,0.0
2019-09-09,196.49110412597656,1012100,0.0
2019-09-10,197.8501434326172,920300,0.0
2019-09-11,196.51007080078125,979700,0.0
2019-09-12,193.84902954101562,1124900,0.0
2019-09-13,193.944091796875,595100,0.0
2019-09-16,193.72547912597656,709300,0.0
2019-09-17,195.5406951904297,1355900,0.0
2019-09-18,197.04229736328125,979700,0.0
2019-09-19,197.05181884765625,758000,0.0
2019-09-20,194.92295837402344,1554800,0.0
2019-09-23,195.55972290039062,853800,0.0
2019-09-24,194.86593627929688,766100,0.0
2019-09-25,193.87754821777344,1597200,0.0
2019-09-26,195.8448486328125,925600,0.0
2019-09-27,195.7783203125,848000,0.0
2019-09-30,196.99478149414062,992300,0.0
2019-10-01,199.01913452148438,1169200,0.0
2019-10-02,196.5290985107422,1406700,0.0
2019-10-03,184.62086486816406,4711800,0.0
2019-10-04,184.1266632080078,2105800,0.0
2019-10-07,179.37474060058594,1721100,0.0
2019-10-08,180.11607360839844,1334500,0.0
2019-10-09,181.95980834960938,1091400,0.0
2019-10-10,183.14776611328125,957000,0.0
2019-10-11,183.49940490722656,963800,0.0
2019-10-14,183.39486694335938,759500,0.0
2019-10-15,186.9967803955078,1102700,0.0
2019-10-16,188.63145446777344,854500,0.0
2019-10-17,187.50048828125,978200,0.0
2019-10-18,187.24388122558594,843400,0.0
2019-10-21,184.9249725341797,758500,0.0
2019-10-22,187.04429626464844,627900,0.0
2019-10-23,187.7380828857422,601200,0.0
2019-10-24,186.93026733398438,665700,0.0
2019-10-25,186.1224365234375,765100,0.0
2019-10-28,183.3473663330078,933300,0.0
2019-10-29,183.4043426513672,695600,0.0
2019-10-30,182.03579711914062,928700,0.0
2019-10-31,180.8858642578125,1002300,0.0
2019-11-01,181.5226593017578,1116600,0.0
2019-11-04,184.29771423339844,835600,0.0
2019-11-05,182.2068634033203,788500,0.0
2019-11-06,183.62295532226562,712900,0.0
2019-11-07,181.5430450439453,741200,0.75
2019-11-08,178.9479217529297,1435900,0.0
2019-11-11,176.0475311279297,1484900,0.0
2019-11-12,175.3892364501953,1501100,0.0
2019-11-13,175.56094360351562,794900,0.0
2019-11-14,174.46372985839844,1273500,0.0
2019-11-15,171.40110778808594,1852600,0.0
2019-11-18,166.8596954345703,2433300,0.0
2019-11-19,172.65098571777344,1670100,0.0
2019-11-20,177.32598876953125,2139700,0.0
2019-11-21,178.0606689453125,1112700,0.0
2019-11-22,172.89906311035156,2098500,0.0
2019-11-25,175.1411590576172,987000,0.0
2019-11-26,175.60867309570312,1028100,0.0
2019-11-27,177.22103881835938,676000,0.0
2019-11-29,177.51681518554688,369400,0.0
2019-12-02,177.535888671875,798600,0.0
2019-12-03,176.01890563964844,996000,0.0
2019-12-04,175.82806396484375,991900,0.0
2019-12-05,174.0821075439453,1339200,0.0
2019-12-06,175.2174835205078,722200,0.0
2019-12-09,172.94679260253906,1303300,0.0
2019-12-10,172.6223602294922,819600,0.0
2019-12-11,173.2806854248047,926000,0.0
2019-12-12,171.53469848632812,884600,0.0
2019-12-13,173.7004852294922,945400,0.0
2019-12-16,174.49237060546875,1311100,0.0
2019-12-17,174.71180725097656,920100,0.0
2019-12-18,175.24609375,860400,0.0
2019-12-19,177.28782653808594,1046800,0.0
2019-12-20,180.22642517089844,2342600,0.0
2019-12-23,179.40589904785156,804400,0.0
2019-12-24,178.25146484375,400200,0.0
2019-12-26,180.95155334472656,807700,0.0
2019-12-27,180.54124450683594,568600,0.0
2019-12-30,179.7207794189453,901000,0.0
2019-12-31,181.0373992919922,896900,0.0
2020-01-02,179.6539764404297,1060500,0.0
2020-01-03,180.82748413085938,1311500,0.0
2020-01-06,181.6575469970703,1615100,0.0
2020-01-07,175.1697540283203,2301500,0.0
2020-01-08,181.55259704589844,4577800,0.0
2020-01-09,184.7010498046875,2475500,0.0
2020-01-10,179.7303009033203,1881300,0.0
2020-01-13,179.7875213623047,1401500,0.0
2020-01-14,182.06781005859375,1292100,0.0
2020-01-15,182.08689880371094,842600,0.0
2020-01-16,182.09645080566406,856000,0.0
2020-01-17,181.2281951904297,1787900,0.0
2020-01-21,181.495361328125,2038100,0.0
2020-01-22,183.12684631347656,1695500,0.0
2020-01-23,185.06361389160156,1089800,0.0
2020-01-24,182.7642822265625,853100,0.0
2020-01-27,182.1345672607422,1028100,0.0
2020-01-28,183.89964294433594,985400,0.0
2020-01-29,183.7374725341797,624300,0.0
2020-01-30,182.02963256835938,723200,0.0
2020-01-31,179.6539764404297,1003700,0.0
2020-02-03,180.4363250732422,826500,0.0
2020-02-04,184.033203125,1205800,0.0
2020-02-05,188.08804321289062,1338300,0.0
2020-02-06,190.6259002685547,1171600,0.0
2020-02-07,191.14111328125,1223800,0.0
2020-02-10,191.60084533691406,918400,0.75
2020-02-11,191.476318359375,994500,0.0
2020-02-12,190.3079833984375,713400,0.0
2020-02-13,192.67340087890625,819500,0.0
2020-02-14,195.20166015625,1373700,0.0
2020-02-18,195.1920928955078,903700,0.0
2020-02-19,197.8927001953125,805700,0.0
2020-02-20,199.52073669433594,821700,0.0
2020-02-21,198.6205291748047,798900,0.0
2020-02-24,193.0085906982422,1145900,0.0
2020-02-25,187.02316284179688,1369600,0.0
2020-02-26,182.88601684570312,1125400,0.0
2020-02-27,168.22413635253906,2282200,0.0
2020-02-28,165.0829620361328,3359800,0.0
2020-03-02,169.71810913085938,2010400,0.0
2020-03-03,170.0724334716797,1956900,0.0
2020-03-04,178.08810424804688,1444800,0.0
2020-03-05,175.03314208984375,1602000,0.0
2020-03-06,171.48977661132812,1667400,0.0
2020-03-09,157.2875518798828,1775400,0.0
2020-03-10,158.32183837890625,2004200,0.0
2020-03-11,148.50572204589844,1912500,0.0
2020-03-12,125.86640167236328,3220900,0.0
2020-03-13,127.3508071899414,3842200,0.0
2020-03-16,119.46920776367188,3623300,0.0
2020-03-17,119.18189239501953,3369600,0.0
2020-03-18,116.11735534667969,3366600,0.0
2020-03-19,117.85074615478516,2497200,0.0
2020-03-20,114.63296508789062,3165500,0.0
2020-03-23,101.16814422607422,5876300,0.0
2020-03-24,118.57855987548828,3815000,0.0
2020-03-25,121.2504653930664,3302500,0.0
2020-03-26,134.73443603515625,2699600,0.0
2020-03-27,138.74705505371094,3154000,0.0
2020-03-30,140.2410430908203,1793600,0.0
2020-03-31,137.2914276123047,1790500,0.0
2020-04-01,131.08570861816406,1643200,0.0
2020-04-02,125.66531372070312,5828600,0.0
2020-04-03,126.57508850097656,3291100,0.0
2020-04-06,136.2379608154297,2402100,0.0
2020-04-07,143.25770568847656,2491800,0.0
2020-04-08,151.09140014648438,3432700,0.0
2020-04-09,159.20285034179688,2346600,0.0
2020-04-13,150.95733642578125,1783300,0.0
2020-04-14,160.7255859375,2111900,0.0
2020-04-15,155.4871368408203,1735900,0.0
2020-04-16,155.28599548339844,1358300,0.0
2020-04-17,155.81271362304688,1540600,0.0
2020-04-20,149.9901123046875,1520300,0.0
2020-04-21,146.5425262451172,1437400,0.0
2020-04-22,148.6493682861328,1531400,0.0
2020-04-23,146.5712127685547,1185100,0.0
2020-04-24,152.10653686523438,1266000,0.0
2020-04-27,156.24366760253906,1679100,0.0
2020-04-28,160.34246826171875,1410300,0.0
2020-04-29,162.24826049804688,1230400,0.0
2020-04-30,157.71847534179688,1161100,0.0
2020-05-01,154.73056030273438,968500,0.0
2020-05-04,157.54962158203125,911800,0.75
2020-05-05,156.83763122558594,1054900,0.0
2020-05-06,159.214111328125,931900,0.0
2020-05-07,158.53099060058594,860000,0.0
2020-05-08,159.7721710205078,1129100,0.0
2020-05-11,157.1166534423828,1262400,0.0
2020-05-12,154.44190979003906,917700,0.0
2020-05-13,149.43882751464844,1669200,0.0
2020-05-14,151.9788818359375,1376900,0.0
2020-05-15,152.48878479003906,1112400,0.0
2020-05-18,162.12939453125,1848200,0.0
2020-05-19,162.50460815429688,1094300,0.0
2020-05-20,165.93943786621094,1125500,0.0
2020-05-21,164.5251007080078,971800,0.0
2020-05-22,165.78550720214844,1051300,0.0
2020-05-26,169.73025512695312,1505500,0.0
2020-05-27,172.58778381347656,1428400,0.0
2020-05-28,168.79696655273438,823000,0.0
2020-05-29,166.16073608398438,1668800,0.0
2020-06-01,166.6898956298828,1401200,0.0
2020-06-02,166.67068481445312,1158300,0.0
2020-06-03,168.200439453125,1201500,0.0
2020-06-04,169.07598876953125,1898800,0.0
2020-06-05,174.55052185058594,1753200,0.0
2020-06-08,178.88975524902344,960100,0.0
2020-06-09,176.45556640625,1135300,0.0
2020-06-10,173.47296142578125,1299400,0.0
2020-06-11,162.2833251953125,1500700,0.0
2020-06-12,163.83236694335938,929300,0.0
2020-06-15,167.11326599121094,1132800,0.0
2020-06-16,170.74049377441406,1276300,0.0
2020-06-17,171.94317626953125,978200,0.0
2020-06-18,177.27340698242188,1229700,0.0
2020-06-19,174.54092407226562,2638300,0.0
2020-06-22,172.90528869628906,984300,0.0
2020-06-23,173.6269073486328,857300,0.0
2020-06-24,165.1601104736328,1418700,0.0
2020-06-25,166.76687622070312,1132200,0.0
2020-06-26,162.59120178222656,1662800,0.0
2020-06-29,167.5750732421875,1160500,0.0
2020-06-30,168.32553100585938,1134200,0.0
2020-07-01,178.8416748046875,3465200,0.0
2020-07-02,178.76467895507812,1895100,0.0
2020-07-06,179.42857360839844,1004800,0.0
2020-07-07,175.55117797851562,904900,0.0
2020-07-08,176.53253173828125,800200,0.0
2020-07-09,175.4838104248047,1202100,0.0
2020-07-10,177.92764282226562,567600,0.0
2020-07-13,172.8860626220703,1136100,0.0
2020-07-14,172.39535522460938,1538000,0.0
2020-07-15,175.71473693847656,1365400,0.0
2020-07-16,174.37738037109375,1154900,0.0
2020-07-17,173.77122497558594,1093500,0.0
2020-07-20,170.87518310546875,1221100,0.0
2020-07-21,173.9251708984375,1225300,0.0
2020-07-22,172.69361877441406,1011600,0.0
2020-07-23,172.22218322753906,1536700,0.0
2020-07-24,173.04000854492188,803900,0.0
2020-07-27,172.11634826660156,886600,0.0
2020-07-28,172.72250366210938,961800,0.0
2020-07-29,174.7333526611328,556100,0.0
2020-07-30,173.98291015625,622600,0.0
2020-07-31,171.45249938964844,1095800,0.0
2020-08-03,166.7283477783203,1233900,0.0
2020-08-04,165.18896484375,1208500,0.0
2020-08-05,166.8630828857422,736100,0.0
2020-08-06,164.6116943359375,1426300,0.0
2020-08-07,165.7470245361328,1456100,0.0
2020-08-10,165.67935180664062,757400,0.75
2020-08-11,167.0515899658203,926500,0.0
2020-08-12,169.5930633544922,1185300,0.0
2020-08-13,170.6753387451172,587300,0.0
2020-08-14,170.105224609375,574000,0.0
2020-08-17,167.843994140625,833400,0.0
2020-08-18,172.18284606933594,1515700,0.0
2020-08-19,173.94158935546875,971700,0.0
2020-08-20,172.33746337890625,875200,0.0
2020-08-21,173.25546264648438,916700,0.0
2020-08-24,175.3814697265625,695600,0.0
2020-08-25,174.11550903320312,703700,0.0
2020-08-26,175.25584411621094,748700,0.0
2020-08-27,176.50238037109375,733000,0.0
2020-08-28,179.13084411621094,775200,0.0
2020-08-31,178.27081298828125,733400,0.0
2020-09-01,179.68165588378906,973100,0.0
2020-09-02,181.6820068359375,1296500,0.0
2020-09-03,184.16551208496094,1614700,0.0
2020-09-04,185.07388305664062,1043200,0.0
2020-09-08,181.44041442871094,983000,0.0
2020-09-09,183.53736877441406,1443900,0.0
2020-09-10,182.37774658203125,884900,0.0
2020-09-11,182.45506286621094,863100,0.0
2020-09-14,188.73629760742188,1467600,0.0
2020-09-15,189.97320556640625,1042000,0.0
2020-09-16,186.69732666015625,1030900,0.0
2020-09-17,185.7406463623047,765500,0.0
2020-09-18,181.4887237548828,1624100,0.0
2020-09-21,178.8312530517578,1109700,0.0
2020-09-22,182.15550231933594,611800,0.0
2020-09-23,180.29046630859375,899100,0.0
2020-09-24,175.74864196777344,1262500,0.0
2020-09-25,175.70033264160156,1865200,0.0
2020-09-28,179.2081756591797,1578200,0.0
2020-09-29,181.20849609375,991800,0.0
2020-09-30,183.13150024414062,1309500,0.0
2020-10-01,178.39646911621094,1899400,0.0
2020-10-02,179.35311889648438,1328700,0.0
2020-10-05,177.42042541503906,961400,0.0
2020-10-06,174.50205993652344,850600,0.0
2020-10-07,175.3717803955078,848600,0.0
2020-10-08,178.91824340820312,1095500,0.0
2020-10-09,180.36776733398438,865900,0.0
2020-10-12,180.71563720703125,642100,0.0
2020-10-13,181.21817016601562,665800,0.0
2020-10-14,176.94691467285156,698200,0.0
2020-10-15,175.43942260742188,790900,0.0
2020-10-16,175.3717803955078,827400,0.0
2020-10-19,174.56005859375,967800,0.0
2020-10-20,174.26048278808594,617800,0.0
2020-10-21,173.59368896484375,619300,0.0
2020-10-22,172.39544677734375,1035200,0.0
2020-10-23,173.41978454589844,1108300,0.0
2020-10-26,169.0808868408203,1294500,0.0
2020-10-27,166.365478515625,843700,0.0
2020-10-28,159.4561309814453,1828500,0.0
2020-10-29,160.26785278320312,1192500,0.0
2020-10-30,159.66873168945312,1549200,0.0
2020-11-02,170.45309448242188,1699600,0.0
2020-11-03,178.61868286132812,1684300,0.0
2020-11-04,174.7629852294922,1130400,0.0
2020-11-05,178.04286193847656,979900,0.75
2020-11-06,180.27468872070312,886000,0.0
2020-11-09,194.8010711669922,2394000,0.0
2020-11-10,194.61666870117188,1968400,0.0
2020-11-11,188.76539611816406,1741000,0.0
2020-11-12,189.1243896484375,863000,0.0
2020-11-13,196.0237274169922,919900,0.0
2020-11-16,199.99252319335938,937600,0.0
2020-11-17,198.9736328125,944900,0.0
2020-11-18,197.71212768554688,807300,0.0
2020-11-19,198.15853881835938,759100,0.0
2020-11-20,194.6263885498047,569700,0.0
2020-11-23,195.6064910888672,656200,0.0
2020-11-24,201.64215087890625,1015700,0.0
2020-11-25,198.63401794433594,1144100,0.0
2020-11-27,198.74075317382812,534000,0.0
2020-11-30,199.74021911621094,1104400,0.0
2020-12-01,199.6431884765625,1040000,0.0
2020-12-02,198.91543579101562,749100,0.0
2020-12-03,203.56346130371094,1335700,0.0
2020-12-04,207.45462036132812,1231600,0.0
2020-12-07,205.75648498535156,993800,0.0
2020-12-08,206.69775390625,762500,0.0
2020-12-09,203.1753387451172,806900,0.0
2020-12-10,201.14723205566406,1054900,0.0
2020-12-11,199.20651245117188,1312600,0.0
2020-12-14,200.86585998535156,1377900,0.0
2020-12-15,205.96026611328125,1814800,0.0
2020-12-16,208.4444122314453,866300,0.0
2020-12-17,211.34579467773438,1040200,0.0
2020-12-18,212.19973754882812,1736800,0.0
2020-12-21,208.1047821044922,851400,0.0
2020-12-22,206.63949584960938,880900,0.0
2020-12-23,209.0945587158203,614100,0.0
2020-12-24,209.41477966308594,266900,0.0
2020-12-28,212.16087341308594,751200,0.0
2020-12-29,210.9964599609375,685600,0.0
2020-12-30,211.74365234375,429500,0.0
2020-12-31,212.55877685546875,696300,0.0
2021-01-04,210.31723022460938,1202600,0.0
2021-01-05,210.46278381347656,1530200,0.0
2021-01-06,217.09039306640625,1861700,0.0
2021-01-07,222.08773803710938,2537100,0.0
2021-01-08,223.38804626464844,1595400,0.0
2021-01-11,220.15675354003906,1099700,0.0
2021-01-12,221.33087158203125,1679100,0.0
2021-01-13,217.91519165039062,1542000,0.0
2021-01-14,217.26502990722656,1109900,0.0
2021-01-15,213.4709014892578,1068900,0.0
2021-01-19,216.3043670654297,1204800,0.0
2021-01-20,220.76806640625,1124600,0.0
2021-01-21,221.91311645507812,944000,0.0
2021-01-22,220.18585205078125,757300,0.0
2021-01-25,215.5863037109375,1568100,0.0
2021-01-26,213.33505249023438,986200,0.0
2021-01-27,206.99856567382812,1815500,0.0
2021-01-28,210.4239501953125,1398200,0.0
2021-01-29,204.6793975830078,1143600,0.0
2021-02-01,208.68698120117188,1260400,0.0
2021-02-02,211.2779083251953,1203200,0.0
2021-02-03,209.89027404785156,1347400,0.0
2021-02-04,216.88658142089844,1449300,0.0
2021-02-05,221.17559814453125,1002400,0.0
2021-02-08,222.58729553222656,814200,0.75
2021-02-09,227.62063598632812,1396800,0.0
2021-02-10,233.98779296875,2061100,0.0
2021-02-11,230.14218139648438,1570100,0.0
2021-02-12,234.89321899414062,1301300,0.0
2021-02-16,225.86822509765625,1982400,0.0
2021-02-17,222.4217987060547,1163000,0.0
2021-02-18,220.2020263671875,968200,0.0
2021-02-19,217.310546875,1175100,0.0
2021-02-22,216.6095733642578,749900,0.0
2021-02-23,216.50250244140625,728700,0.0
2021-02-24,218.01148986816406,647000,0.0
2021-02-25,212.17005920410156,908900,0.0
2021-02-26,208.48025512695312,1365600,0.0
2021-03-01,211.99485778808594,892400,0.0
2021-03-02,212.38426208496094,967900,0.0
2021-03-03,210.34951782226562,704500,0.0
2021-03-04,205.5692901611328,1285600,0.0
2021-03-05,211.27439880371094,942200,0.0
2021-03-08,214.7987060546875,1041700,0.0
2021-03-09,221.0977325439453,1553200,0.0
2021-03-10,221.0587615966797,1007600,0.0
2021-03-11,222.56781005859375,845800,0.0
2021-03-12,223.32720947265625,697800,0.0
2021-03-15,223.7847900390625,581000,0.0
2021-03-16,224.53443908691406,661400,0.0
2021-03-17,226.85153198242188,807800,0.0
2021-03-18,224.96279907226562,1026700,0.0
2021-03-19,228.49685668945312,1434400,0.0
2021-03-22,224.6220703125,729000,0.0
2021-03-23,223.02542114257812,855000,0.0
2021-03-24,223.6094970703125,773400,0.0
2021-03-25,225.05043029785156,644600,0.0
2021-03-26,229.0907440185547,840200,0.0
2021-03-29,229.74302673339844,762600,0.0
2021-03-30,227.76666259765625,785400,0.0
2021-03-31,221.9739532470703,1265700,0.0
2021-04-01,223.55113220214844,1201100,0.0
2021-04-05,224.19369506835938,941400,0.0
2021-04-06,230.0545654296875,1166700,0.0
2021-04-07,228.7305145263672,1348300,0.0
2021-04-08,218.2841033935547,4390500,0.0
2021-04-09,218.22569274902344,2993200,0.0
2021-04-12,220.32862854003906,1167300,0.0
2021-04-13,220.5817413330078,965900,0.0
2021-04-14,222.7722930908203,911900,0.0
2021-04-15,228.3994903564453,1305200,0.0
2021-04-16,232.54690551757812,1289700,0.0
2021-04-19,231.32022094726562,778000,0.0
2021-04-20,232.01144409179688,947800,0.0
2021-04-21,234.7569122314453,735900,0.0
2021-04-22,232.0309295654297,819800,0.0
2021-04-23,234.22145080566406,647400,0.0
2021-04-26,232.20614624023438,650000,0.0
2021-04-27,232.05038452148438,697400,0.0
2021-04-28,231.61227416992188,691600,0.0
2021-04-29,235.21449279785156,801300,0.0
2021-04-30,233.9683380126953,851200,0.0
2021-05-03,237.34754943847656,972800,0.76
2021-05-04,234.39804077148438,860900,0.0
2021-05-05,234.10507202148438,648300,0.0
2021-05-06,235.980224609375,735700,0.0
2021-05-07,235.2965850830078,632200,0.0
2021-05-10,233.60694885253906,963000,0.0
2021-05-11,228.57716369628906,1492800,0.0
2021-05-12,224.38729858398438,1648900,0.0
2021-05-13,225.60812377929688,1837600,0.0
2021-05-14,228.9678192138672,2563900,0.0
2021-05-17,230.3644256591797,1934100,0.0
2021-05-18,228.64553833007812,996200,0.0
2021-05-19,226.9559326171875,1135400,0.0
2021-05-20,230.58909606933594,1058000,0.0
2021-05-21,231.7415313720703,654000,0.0
2021-05-24,230.96022033691406,814600,0.0
2021-05-25,232.38613891601562,1069000,0.0
2021-05-26,231.6536407470703,1076700,0.0
2021-05-27,231.45831298828125,822300,0.0
2021-05-28,234.12457275390625,803200,0.0
2021-06-01,231.80992126464844,1247000,0.0
2021-06-02,233.72413635253906,718900,0.0
2021-06-03,233.0795440673828,866000,0.0
2021-06-04,233.66555786132812,430200,0.0
2021-06-07,233.49954223632812,806400,0.0
2021-06-08,232.80609130859375,728000,0.0
2021-06-09,231.14578247070312,573500,0.0
2021-06-10,231.6341094970703,541200,0.0
2021-06-11,232.33729553222656,464400,0.0
2021-06-14,230.85276794433594,715700,0.0
2021-06-15,230.56954956054688,515500,0.0
2021-06-16,228.50880432128906,703000,0.0
2021-06-17,224.37754821777344,1129900,0.0
2021-06-18,216.08570861816406,1973200,0.0
2021-06-21,220.66622924804688,1185400,0.0
2021-06-22,219.45518493652344,905200,0.0
2021-06-23,219.0156707763672,1080200,0.0
2021-06-24,220.724853515625,1012900,0.0
2021-06-25,223.26414489746094,888100,0.0
2021-06-28,224.0357208251953,951500,0.0
2021-06-29,225.5885772705078,1298000,0.0
2021-06-30,228.43067932128906,2162200,0.0
2021-07-01,226.61407470703125,1146200,0.0
2021-07-02,226.018310546875,930600,0.0
2021-07-06,224.1040802001953,1008700,0.0
2021-07-07,221.77963256835938,1079200,0.0
2021-07-08,221.71127319335938,867000,0.0
2021-07-09,222.37539672851562,827200,0.0
2021-07-12,221.1741180419922,673900,0.0
2021-07-13,220.18765258789062,844800,0.0
2021-07-14,220.5099639892578,580600,0.0
2021-07-15,219.7091064453125,631800,0.0
2021-07-16,218.78126525878906,563800,0.0
2021-07-19,216.8377227783203,1087900,0.0
2021-07-20,219.91419982910156,913500,0.0
2021-07-21,220.578369140625,636900,0.0
2021-07-22,218.615234375,583900,0.0
2021-07-23,219.3379669189453,843000,0.0
2021-07-26,219.57240295410156,913900,0.0
2021-07-27,221.07643127441406,1176200,0.0
2021-07-28,221.13504028320312,731500,0.0
2021-07-29,219.32823181152344,938300,0.0
2021-07-30,219.1035614013672,744900,0.0
2021-08-02,217.58975219726562,765400,0.0
2021-08-03,216.17359924316406,1077100,0.0
2021-08-04,214.2691192626953,1167800,0.0
2021-08-05,214.3863067626953,1087700,0.0
2021-08-06,213.69290161132812,1392800,0.0
2021-08-09,212.85984802246094,936800,0.76
2021-08-10,213.71249389648438,1292000,0.0
2021-08-11,209.14540100097656,2648900,0.0
2021-08-12,207.71450805664062,1579300,0.0
2021-08-13,209.380615234375,1111000,0.0
2021-08-16,209.78245544433594,1021600,0.0
2021-08-17,209.0572052001953,1423600,0.0
2021-08-18,210.1548614501953,1150800,0.0
2021-08-19,209.61582946777344,896500,0.0
2021-08-20,209.5668182373047,960800,0.0
2021-08-23,211.703369140625,999200,0.0
2021-08-24,212.5070037841797,1334900,0.0
2021-08-25,210.69390869140625,1177700,0.0
2021-08-26,210.07647705078125,712400,0.0
2021-08-27,208.18495178222656,1402600,0.0
2021-08-30,207.5675048828125,754800,0.0
2021-08-31,206.9304656982422,1762500,0.0
2021-09-01,210.6252899169922,1154900,0.0
2021-09-02,208.2241668701172,1190000,0.0
2021-09-03,207.60671997070312,699600,0.0
2021-09-07,205.1075439453125,1223600,0.0
2021-09-08,212.6442413330078,1583000,0.0
2021-09-09,211.703369140625,1204400,0.0
2021-09-10,209.645263671875,661400,0.0
2021-09-13,210.61549377441406,911100,0.0
2021-09-14,211.29176330566406,826900,0.0
2021-09-15,214.1437225341797,1108500,0.0
2021-09-16,211.15451049804688,1701500,0.0
2021-09-17,210.56651306152344,1754800,0.0
2021-09-20,205.9405975341797,1347200,0.0
2021-09-21,204.91152954101562,1070700,0.0
2021-09-22,207.08726501464844,1372800,0.0
2021-09-23,209.75303649902344,1122000,0.0
2021-09-24,208.3809814453125,623200,0.0
2021-09-27,207.44989013671875,829400,0.0
2021-09-28,205.7740020751953,865700,0.0
2021-09-29,207.53810119628906,1422800,0.0
2021-09-30,206.48944091796875,1181700,0.0
2021-10-01,209.2238006591797,1314000,0.0
2021-10-04,208.77297973632812,1196600,0.0
2021-10-05,208.81219482421875,1534600,0.0
2021-10-06,207.40089416503906,2231300,0.0
2021-10-07,212.1934051513672,2031800,0.0
2021-10-08,215.28060913085938,1667100,0.0
2021-10-11,215.31979370117188,1125800,0.0
2021-10-12,214.4769287109375,1022800,0.0
2021-10-13,214.76116943359375,737800,0.0
2021-10-14,215.9764404296875,874200,0.0
2021-10-15,214.5847625732422,952300,0.0
2021-10-18,211.30154418945312,1034700,0.0
2021-10-19,211.92877197265625,938600,0.0
2021-10-20,213.8007049560547,673900,0.0
2021-10-21,214.05551147460938,1054500,0.0
2021-10-22,215.02577209472656,559100,0.0
2021-10-25,213.34986877441406,1010400,0.0
2021-10-26,213.85952758789062,563000,0.0
2021-10-27,210.66448974609375,937700,0.0
2021-10-28,212.44822692871094,889400,0.0
2021-10-29,212.48741149902344,980600,0.0
2021-11-01,215.8196258544922,642400,0.0
2021-11-02,216.2998504638672,643700,0.0
2021-11-03,216.2900848388672,619500,0.0
2021-11-04,215.7294921875,850700,0.76
2021-11-05,219.00437927246094,870800,0.0
2021-11-08,218.10943603515625,997100,0.0
2021-11-09,217.97174072265625,707600,0.0
2021-11-10,218.66015625,883100,0.0
2021-11-11,221.0302734375,943100,0.0
2021-11-12,222.6627960205078,912000,0.0
2021-11-15,225.03294372558594,930700,0.0
2021-11-16,227.30470275878906,1233100,0.0
2021-11-17,230.1468505859375,1491800,0.0
2021-11-18,233.0873565673828,1580800,0.0
2021-11-19,231.5040283203125,1678000,0.0
2021-11-22,230.42221069335938,1825700,0.0
2021-11-23,233.13653564453125,902400,0.0
2021-11-24,228.6520233154297,1197200,0.0
2021-11-26,225.524658203125,740900,0.0
2021-11-29,223.21353149414062,1556400,0.0
2021-11-30,221.60069274902344,1784400,0.0
2021-12-01,219.49612426757812,954800,0.0
2021-12-02,221.53182983398438,1247000,0.0
2021-12-03,222.4464569091797,913400,0.0
2021-12-06,227.04896545410156,867500,0.0
2021-12-07,229.95999145507812,1129000,0.0
2021-12-08,230.79592895507812,851400,0.0
2021-12-09,229.6354522705078,637000,0.0
2021-12-10,231.4253692626953,613700,0.0
2021-12-13,233.44142150878906,1077500,0.0
2021-12-14,232.8907012939453,1044900,0.0
2021-12-15,237.05067443847656,1100300,0.0
2021-12-16,237.6112518310547,979400,0.0
2021-12-17,238.24063110351562,2633700,0.0
2021-12-20,235.4869842529297,1393000,0.0
2021-12-21,237.3260498046875,1164400,0.0
2021-12-22,239.1847686767578,942300,0.0
2021-12-23,240.00100708007812,662000,0.0
2021-12-27,242.71536254882812,554300,0.0
2021-12-28,244.8690948486328,533500,0.0
2021-12-29,245.64601135253906,621200,0.0
2021-12-30,245.26248168945312,418200,0.0
2021-12-31,246.8163299560547,727100,0.0
2022-01-03,248.63571166992188,979600,0.0
2022-01-04,250.38624572753906,1107200,0.0
2022-01-05,249.1667938232422,1565100,0.0
2022-01-06,240.7386016845703,2047500,0.0
2022-01-07,242.10560607910156,1268700,0.0
2022-01-10,242.99070739746094,1143000,0.0
2022-01-11,248.5078582763672,1171400,0.0
2022-01-12,244.01348876953125,811400,0.0
2022-01-13,242.94154357910156,725500,0.0
2022-01-14,244.52488708496094,798300,0.0
2022-01-18,239.4109649658203,1251700,0.0
2022-01-19,238.7913818359375,733000,0.0
2022-01-20,239.37161254882812,1058000,0.0
2022-01-21,237.0211639404297,993800,0.0
2022-01-24,236.08688354492188,1589400,0.0
2022-01-25,232.5563201904297,1139500,0.0
2022-01-26,230.4517364501953,2128900,0.0
2022-01-27,230.8844757080078,1020000,0.0
2022-01-28,232.1432647705078,1376900,0.0
2022-01-31,233.8151092529297,998500,0.0
2022-02-01,231.7597198486328,1236400,0.0
2022-02-02,236.46058654785156,1007400,0.0
2022-02-03,233.92332458496094,575800,0.0
2022-02-04,233.40206909179688,737400,0.0
2022-02-07,233.68728637695312,532100,0.0
2022-02-08,235.699951171875,581900,0.76
2022-02-09,237.48570251464844,554300,0.0
2022-02-10,234.1213836669922,661000,0.0
2022-02-11,232.77960205078125,639200,0.0
2022-02-14,230.7176055908203,563500,0.0
2022-02-15,216.60916137695312,2605300,0.0
2022-02-16,217.950927734375,1905500,0.0
2022-02-17,215.93824768066406,1322300,0.0
2022-02-18,212.95870971679688,2184300,0.0
2022-02-22,214.0341033935547,1209700,0.0
2022-02-23,209.6338348388672,1052900,0.0
2022-02-24,212.1299591064453,1473600,0.0
2022-02-25,214.1327667236328,1123800,0.0
2022-02-28,212.73179626464844,1550800,0.0
2022-03-01,210.78817749023438,951900,0.0
2022-03-02,212.92913818359375,744100,0.0
2022-03-03,215.3660125732422,792200,0.0
2022-03-04,214.74447631835938,923300,0.0
2022-03-07,210.12713623046875,917700,0.0
2022-03-08,211.76490783691406,1277300,0.0
2022-03-09,211.84384155273438,812200,0.0
2022-03-10,210.77830505371094,1020800,0.0
2022-03-11,209.54505920410156,535200,0.0
2022-03-14,216.74728393554688,918900,0.0
2022-03-15,219.1545867919922,781000,0.0
2022-03-16,219.3617706298828,820200,0.0
2022-03-17,218.79940795898438,646500,0.0
2022-03-18,222.90367126464844,1372700,0.0
2022-03-21,222.82476806640625,453100,0.0
2022-03-22,224.66970825195312,426500,0.0
2022-03-23,221.5125732421875,576200,0.0
2022-03-24,223.42660522460938,457800,0.0
2022-03-25,226.33706665039062,497600,0.0
2022-03-28,226.29759216308594,503100,0.0
2022-03-29,228.64572143554688,534900,0.0
2022-03-30,229.9579315185547,599900,0.0
2022-03-31,227.23489379882812,699200,0.0
2022-04-01,230.5794677734375,592300,0.0
2022-04-04,226.633056640625,936400,0.0
2022-04-05,227.25460815429688,894700,0.0
2022-04-06,228.70492553710938,999400,0.0
2022-04-07,239.25172424316406,2057400,0.0
2022-04-08,241.18548583984375,1270800,0.0
2022-04-11,244.19461059570312,1254700,0.0
2022-04-12,245.4969482421875,1097000,0.0
2022-04-13,245.29962158203125,780300,0.0
2022-04-14,248.05223083496094,780400,0.0
2022-04-18,249.4335174560547,770200,0.0
2022-04-19,250.46942138671875,786300,0.0
2022-04-20,255.31365966796875,1045800,0.0
2022-04-21,250.80490112304688,1141800,0.0
2022-04-22,247.59840393066406,1097200,0.0
2022-04-25,245.40817260742188,1271000,0.0
2022-04-26,244.59912109375,861300,0.0
2022-04-27,245.9705047607422,870400,0.0
2022-04-28,246.82884216308594,607400,0.0
2022-04-29,242.79364013671875,796700,0.0
2022-05-02,240.76123046875,895200,0.0
2022-05-03,241.76759338378906,1030800,0.0
2022-05-04,251.02255249023438,1122800,0.8
2022-05-05,249.3497314453125,1808400,0.0
2022-05-06,244.95486450195312,1592800,0.0
2022-05-09,243.73736572265625,1148700,0.0
2022-05-10,244.27186584472656,1059200,0.0
2022-05-11,243.460205078125,997700,0.0
2022-05-12,242.72772216796875,1282700,0.0
2022-05-13,246.39012145996094,1529000,0.0
2022-05-16,246.88504028320312,982900,0.0
2022-05-17,248.39947509765625,1012900,0.0
2022-05-18,234.64076232910156,1375300,0.0
2022-05-19,232.4433135986328,1422000,0.0
2022-05-20,232.11668395996094,1269000,0.0
2022-05-23,236.24429321289062,1201100,0.0
2022-05-24,241.52011108398438,1088300,0.0
2022-05-25,240.5599822998047,740300,0.0
2022-05-26,241.8863525390625,887800,0.0
2022-05-27,243.80665588378906,959400,0.0
2022-05-31,242.9751739501953,1958900,0.0
2022-06-01,241.69827270507812,883900,0.0
2022-06-02,243.2919158935547,677300,0.0
2022-06-03,240.85691833496094,618200,0.0
2022-06-06,243.37109375,509800,0.0
2022-06-07,243.73736572265625,730800,0.0
2022-06-08,242.95538330078125,588000,0.0
2022-06-09,239.19400024414062,838800,0.0
2022-06-10,236.6600341796875,718100,0.0
2022-06-13,227.69210815429688,1232600,0.0
2022-06-14,229.1471710205078,970300,0.0
2022-06-15,228.2365264892578,1102500,0.0
2022-06-16,223.4754180908203,1159700,0.0
2022-06-17,225.3857879638672,2663200,0.0
2022-06-21,232.5522003173828,1349600,0.0
2022-06-22,234.98721313476562,1335200,0.0
2022-06-23,236.91738891601562,964600,0.0
2022-06-24,243.0048828125,1151500,0.0
2022-06-27,244.90536499023438,799200,0.0
2022-06-28,243.02467346191406,968300,0.0
2022-06-29,241.15390014648438,1272800,0.0
2022-06-30,230.69129943847656,1966600,0.0
2022-07-01,233.03721618652344,1345200,0.0
2022-07-05,234.30421447753906,1326300,0.0
2022-07-06,237.0064697265625,1070500,0.0
2022-07-07,239.1544189453125,881200,0.0
2022-07-08,239.70872497558594,692400,0.0
2022-07-11,238.68919372558594,535100,0.0
2022-07-12,238.11508178710938,644200,0.0
2022-07-13,242.49014282226562,1089500,0.0
2022-07-14,248.41929626464844,1330500,0.0
2022-07-15,242.05462646484375,1722100,0.0
2022-07-18,240.9757080078125,842700,0.0
2022-07-19,242.24270629882812,818100,0.0
2022-07-20,240.6985626220703,882100,0.0
2022-07-21,239.81761169433594,813200,0.0
2022-07-22,239.91659545898438,504200,0.0
2022-07-25,238.22396850585938,577100,0.0
2022-07-26,239.0455322265625,871400,0.0
2022-07-27,242.82672119140625,679800,0.0
2022-07-28,245.825927734375,712500,0.0
2022-07-29,243.80665588378906,865200,0.0
2022-08-01,241.66859436035156,1196300,0.0
2022-08-02,242.5099639892578,772700,0.0
2022-08-03,244.0738983154297,972900,0.0
2022-08-04,240.64906311035156,874800,0.0
2022-08-05,241.87646484375,1059000,0.0
2022-08-08,232.49281311035156,2464900,0.0
2022-08-09,241.0841522216797,2182000,0.8
2022-08-10,240.4882354736328,703000,0.0
2022-08-11,238.2137451171875,770700,0.0
2022-08-12,242.07737731933594,1310800,0.0
2022-08-15,244.8087158203125,701900,0.0
2022-08-16,246.48727416992188,650300,0.0
2022-08-17,248.45384216308594,715200,0.0
2022-08-18,249.16896057128906,543400,0.0
2022-08-19,249.98341369628906,655200,0.0
2022-08-22,253.08224487304688,1304000,0.0
2022-08-23,252.45651245117188,749500,0.0
2022-08-24,255.71429443359375,896800,0.0
2022-08-25,255.9824676513672,639200,0.0
2022-08-26,250.19198608398438,593900,0.0
2022-08-29,248.9107208251953,699200,0.0
2022-08-30,246.9143524169922,1013300,0.0
2022-08-31,244.38165283203125,786300,0.0
2022-09-01,245.8416748046875,837800,0.0
2022-09-02,243.18978881835938,773400,0.0
2022-09-06,243.22952270507812,850000,0.0
2022-09-07,246.70578002929688,634800,0.0
2022-09-08,246.5568084716797,1071200,0.0
2022-09-09,245.02723693847656,822900,0.0
2022-09-12,246.358154296875,966600,0.0
2022-09-13,238.293212890625,1115700,0.0
2022-09-14,239.29635620117188,694100,0.0
2022-09-15,238.88914489746094,799100,0.0
2022-09-16,238.27334594726562,2568800,0.0
2022-09-19,240.61734008789062,628400,0.0
2022-09-20,239.981689453125,686900,0.0
2022-09-21,237.2503204345703,585100,0.0
2022-09-22,234.9857940673828,716200,0.0
2022-09-23,229.69192504882812,1377700,0.0
2022-09-26,231.0824432373047,962300,0.0
2022-09-27,231.15196228027344,1182400,0.0
2022-09-28,235.82009887695312,922500,0.0
2022-09-29,232.08558654785156,1171000,0.0
2022-09-30,228.1226348876953,838400,0.0
2022-10-03,232.92982482910156,789800,0.0
2022-10-04,235.79029846191406,1019400,0.0
2022-10-05,234.35012817382812,1082400,0.0
2022-10-06,230.94338989257812,2812500,0.0
2022-10-07,221.18997192382812,2154900,0.0
2022-10-10,219.73988342285156,1121800,0.0
2022-10-11,219.88885498046875,1094100,0.0
2022-10-12,221.79583740234375,833700,0.0
2022-10-13,224.3583526611328,913500,0.0
2022-10-14,220.4847869873047,704700,0.0
2022-10-17,222.5010223388672,581500,0.0
2022-10-18,224.95428466796875,970400,0.0
2022-10-19,221.7461700439453,1008700,0.0
2022-10-20,221.0211181640625,1099300,0.0
2022-10-21,223.62335205078125,723700,0.0
2022-10-24,228.1822509765625,941900,0.0
2022-10-25,237.13113403320312,1712500,0.0
2022-10-26,236.21737670898438,828500,0.0
2022-10-27,236.84312438964844,601100,0.0
2022-10-28,245.4145965576172,834800,0.0
2022-10-31,245.4046630859375,1037700,0.0
2022-11-01,241.7893524169922,851500,0.0
2022-11-02,237.63768005371094,768000,0.0
2022-11-03,240.5775146484375,999700,0.8
2022-11-04,243.9857177734375,939900,0.0
2022-11-07,245.63999938964844,656700,0.0
2022-11-08,242.5407257080078,628800,0.0
2022-11-09,238.9630889892578,758900,0.0
2022-11-10,243.1884765625,1569300,0.0
2022-11-11,246.1482391357422,1592800,0.0
2022-11-14,243.61700439453125,967500,0.0
2022-11-15,242.6104736328125,2206100,0.0
2022-11-16,242.3812713623047,1055200,0.0
2022-11-17,244.015625,769200,0.0
2022-11-18,246.79598999023438,667400,0.0
2022-11-21,251.54954528808594,967000,0.0
2022-11-22,254.1206512451172,965000,0.0
2022-11-23,255.80482482910156,552100,0.0
2022-11-25,256.60205078125,383600,0.0
2022-11-28,256.6120300292969,846600,0.0
2022-11-29,252.7653350830078,1086600,0.0
2022-11-30,256.4625549316406,1372400,0.0
2022-12-01,257.82781982421875,972500,0.0
2022-12-02,260.1497802734375,1169500,0.0
2022-12-05,253.98114013671875,1210300,0.0
2022-12-06,246.76609802246094,1347900,0.0
2022-12-07,245.80941772460938,1004800,0.0
2022-12-08,245.53038024902344,634900,0.0
2022-12-09,241.20533752441406,740600,0.0
2022-12-12,244.64344787597656,603500,0.0
2022-12-13,240.0294189453125,1889800,0.0
2022-12-14,238.72393798828125,1238300,0.0
2022-12-15,234.58824157714844,1404000,0.0
2022-12-16,230.5621795654297,2507800,0.0
2022-12-19,229.495849609375,1425100,0.0
2022-12-20,229.3762664794922,1150800,0.0
2022-12-21,232.58517456054688,1025000,0.0
2022-12-22,230.21337890625,908000,0.0
2022-12-23,231.60855102539062,409500,0.0
2022-12-27,231.588623046875,558300,0.0
2022-12-28,231.08038330078125,827800,0.0
2022-12-29,233.9903106689453,780000,0.0
2022-12-30,230.95082092285156,733700,0.0
2023-01-03,226.8151397705078,1723200,0.0
2023-01-04,230.3628692626953,1548500,0.0
2023-01-05,207.9603729248047,4690500,0.0
2023-01-06,213.49124145507812,4220200,0.0
2023-01-09,214.76683044433594,3034900,0.0
2023-01-10,219.24134826660156,2899600,0.0
2023-01-11,221.8722381591797,2312800,0.0
2023-01-12,222.42034912109375,2054500,0.0
2023-01-13,224.22410583496094,2675300,0.0
2023-01-17,223.00831604003906,1649500,0.0
2023-01-18,218.8427276611328,1843600,0.0
2023-01-19,215.84310913085938,2341300,0.0
2023-01-20,220.11831665039062,1641200,0.0
2023-01-23,223.22755432128906,1450800,0.0
2023-01-24,226.71548461914062,1966700,0.0
2023-01-25,228.1405487060547,1069300,0.0
2023-01-26,227.7120361328125,1194700,0.0
2023-01-27,228.0010223388672,1304500,0.0
2023-01-30,225.5794219970703,1668800,0.0
2023-01-31,230.72161865234375,1502200,0.0
2023-02-01,232.78448486328125,1280700,0.0
2023-02-02,231.64840698242188,1027700,0.0
2023-02-03,230.0240478515625,1061300,0.0
2023-02-06,231.19000244140625,915400,0.0
2023-02-07,230.2899932861328,1297500,0.8
2023-02-08,230.1300048828125,1529700,0.0
2023-02-09,226.8800048828125,2021100,0.0
2023-02-10,228.3000030517578,747600,0.0
2023-02-13,228.5399932861328,871500,0.0
2023-02-14,225.75,931300,0.0
2023-02-15,224.8800048828125,1249000,0.0
2023-02-16,227.25999450683594,1318800,0.0
2023-02-17,226.8000030517578,1027600,0.0
2023-02-21,223.11000061035156,1051900,0.0
2023-02-22,222.1199951171875,1092200,0.0
2023-02-23,224.83999633789062,383461,0.0
